1;96;4;
2;4;946;
3;946;5;
4;4;1603;
5;1603;1604;
6;8;706;
7;706;657;
8;720;1395;
9;1395;722;
10;722;989;
11;989;170;
12;170;886;
13;886;737;
14;737;872;
15;872;85;
16;85;84;
17;606;1216;
18;1216;826;
19;826;1217;
20;1217;1218;
21;1218;21;
22;557;31;
23;31;30;
24;36;34;
25;43;1131;
26;1131;465;
27;465;16;
28;16;160;
29;48;560;
30;56;688;
31;688;1116;
32;65;1044;
33;1044;66;
34;651;1918;
35;1918;75;
36;75;915;
37;915;76;
38;76;93;
39;82;1241;
40;1241;81;
41;77;1256;
42;1256;81;
43;81;642;
44;642;1794;
45;1794;1567;
46;1567;64;
47;83;1889;
48;1889;105;
49;105;1888;
50;1888;929;
51;929;14;
52;25;933;
53;933;1939;
54;1939;1938;
55;1938;1887;
56;1887;1895;
57;1895;1899;
58;1899;534;
59;87;1823;
60;1823;91;
61;91;92;
62;93;686;
63;686;1511;
64;1511;124;
65;124;77;
66;77;909;
67;909;913;
68;913;82;
69;82;1566;
70;87;1587;
71;1587;90;
72;90;684;
73;684;89;
74;89;685;
75;685;1582;
76;1582;644;
77;80;87;
78;103;1552;
79;1552;242;
80;242;104;
81;104;102;
82;105;656;
83;656;94;
84;541;668;
85;668;106;
86;106;1325;
87;1325;667;
88;667;1326;
89;1326;1327;
90;1327;372;
91;633;18;
92;18;180;
93;180;107;
94;107;120;
95;120;121;
96;121;1189;
97;1189;116;
98;116;694;
99;694;1809;
100;1809;1810;
101;1810;117;
102;120;1188;
103;1188;459;
104;459;119;
105;119;466;
106;466;489;
107;489;1280;
108;1280;696;
109;696;118;
110;118;1283;
111;1283;45;
112;44;698;
113;698;1282;
114;1282;697;
115;697;1281;
116;1281;496;
117;496;464;
118;464;122;
119;122;456;
120;456;1187;
121;1187;121;
122;1237;1236;
123;1236;1792;
124;1792;1234;
125;1234;1793;
126;1793;816;
127;816;1141;
128;1141;1504;
129;1504;1481;
130;1481;1482;
131;1482;1483;
132;1483;1484;
133;113;183;
134;183;184;
135;184;115;
136;115;214;
137;214;112;
138;112;185;
139;185;1724;
140;1724;17;
141;8;376;
142;376;1598;
143;1598;6;
144;128;378;
145;378;377;
146;377;1161;
147;1161;127;
148;127;731;
149;731;1322;
150;1322;1323;
151;1323;259;
152;259;1324;
153;1324;106;
154;130;129;
155;133;134;
156;63;1563;
157;1563;1124;
158;1124;137;
159;137;643;
160;643;136;
161;136;1122;
162;1122;135;
163;534;544;
164;544;138;
165;140;1159;
166;1159;141;
167;141;142;
168;142;143;
169;143;144;
170;745;1911;
171;1911;744;
172;744;145;
173;146;164;
174;214;215;
175;215;943;
176;943;148;
177;1363;236;
178;236;1579;
179;1579;98;
180;98;99;
181;99;1663;
182;1663;1664;
183;1664;1016;
184;1016;1665;
185;1665;1666;
186;1666;1667;
187;1667;1668;
188;1668;85;
189;33;1523;
190;1523;531;
191;531;1522;
192;1522;153;
193;153;528;
194;160;1744;
195;1744;1742;
196;1742;1750;
197;1750;764;
198;764;502;
199;502;1183;
200;1183;1465;
201;1465;879;
202;879;159;
203;578;572;
204;572;574;
205;574;579;
206;579;162;
207;162;577;
208;577;161;
209;35;1175;
210;1175;163;
211;163;1841;
212;1841;1179;
213;1179;162;
214;29;164;
215;165;746;
216;634;166;
217;166;190;
218;100;323;
219;323;101;
220;101;1432;
221;1432;1431;
222;1431;310;
223;95;680;
224;680;1843;
225;1843;96;
226;138;139;
227;139;140;
228;140;128;
229;138;128;
230;6;1353;
231;1353;700;
232;700;1352;
233;1352;7;
234;7;1599;
235;1599;1351;
236;1351;1851;
237;1851;1853;
238;1853;1600;
239;1600;95;
240;83;537;
241;537;534;
242;543;967;
243;967;966;
244;966;175;
245;175;176;
246;176;940;
247;940;177;
248;177;178;
249;182;186;
250;186;187;
251;187;188;
252;180;1813;
253;1813;190;
254;190;185;
255;191;204;
256;204;525;
257;525;183;
258;184;819;
259;819;526;
260;526;192;
261;527;1806;
262;1806;179;
263;179;1807;
264;1807;192;
265;192;1808;
266;1808;191;
267;193;228;
268;228;221;
269;221;194;
270;186;195;
271;195;196;
272;196;197;
273;197;198;
274;198;1802;
275;1802;520;
276;520;189;
277;189;199;
278;199;200;
279;200;201;
280;201;1804;
281;1804;202;
282;202;1805;
283;1805;203;
284;203;527;
285;112;111;
286;111;182;
287;182;110;
288;110;109;
289;109;1811;
290;1811;108;
291;108;1812;
292;1812;181;
293;181;213;
294;213;107;
295;228;227;
296;227;226;
297;226;225;
298;225;224;
299;224;1789;
300;1789;1790;
301;1790;223;
302;223;222;
303;222;230;
304;230;229;
305;236;1578;
306;1578;1557;
307;1557;237;
308;237;1556;
309;1556;566;
310;566;1555;
311;1555;238;
312;238;1477;
313;1477;1476;
314;1476;1576;
315;1576;239;
316;239;1577;
317;1577;1550;
318;1550;240;
319;240;1553;
320;1553;241;
321;241;1554;
322;1554;567;
323;567;1551;
324;1551;242;
325;247;246;
326;246;964;
327;964;245;
328;178;247;
329;103;248;
330;94;1549;
331;1549;248;
332;251;250;
333;253;252;
334;252;641;
335;641;251;
336;255;254;
337;254;258;
338;258;257;
339;257;256;
340;256;253;
341;51;1292;
342;1292;263;
343;263;1786;
344;1786;1293;
345;1293;262;
346;262;1294;
347;1294;261;
348;261;1295;
349;1295;1780;
350;1780;971;
351;264;265;
352;266;267;
353;1356;1362;
354;1362;1361;
355;1361;273;
356;273;1359;
357;1359;1360;
358;306;299;
359;299;1628;
360;1628;298;
361;298;1627;
362;1627;1562;
363;1562;1626;
364;1626;297;
365;297;1629;
366;1629;1631;
367;1631;1632;
368;1632;296;
369;296;1630;
370;1630;295;
371;295;1633;
372;1633;1634;
373;1634;294;
374;294;1635;
375;1635;1636;
376;1636;293;
377;293;292;
378;292;291;
379;291;1420;
380;1420;1637;
381;1637;290;
382;290;289;
383;289;1417;
384;1417;1638;
385;1638;1416;
386;1416;288;
387;288;287;
388;300;296;
389;306;963;
390;963;305;
391;305;304;
392;304;1049;
393;1049;303;
394;303;302;
395;302;301;
396;301;390;
397;390;984;
398;984;389;
399;389;1673;
400;1673;415;
401;310;1430;
402;1430;1429;
403;1429;311;
404;311;312;
405;312;313;
406;313;314;
407;314;1561;
408;1561;315;
409;315;316;
410;316;324;
411;324;1423;
412;1423;1424;
413;1424;1625;
414;1625;308;
415;325;326;
416;326;327;
417;327;328;
418;328;1621;
419;1621;1620;
420;1620;1622;
421;1622;329;
422;329;330;
423;330;979;
424;979;1138;
425;1138;1623;
426;1623;1624;
427;1624;316;
428;290;1418;
429;1418;1419;
430;1419;331;
431;331;980;
432;309;1427;
433;1427;1428;
434;1428;338;
435;338;1426;
436;1426;1425;
437;1425;324;
438;362;342;
439;342;521;
440;521;344;
441;344;341;
442;343;970;
443;970;345;
444;345;524;
445;524;561;
446;561;346;
447;347;348;
448;348;523;
449;523;1220;
450;1220;349;
451;971;1781;
452;1781;1536;
453;1536;1537;
454;1537;972;
455;284;363;
456;364;662;
457;662;659;
458;541;369;
459;369;1318;
460;1318;368;
461;368;1317;
462;1317;367;
463;367;1316;
464;1316;1315;
465;1315;366;
466;366;1314;
467;1314;1312;
468;1312;1313;
469;1313;365;
470;365;1331;
471;1331;733;
472;733;731;
473;127;373;
474;373;374;
475;374;375;
476;375;1595;
477;1595;1594;
478;1594;1590;
479;1590;1591;
480;1591;1597;
481;1597;1593;
482;1593;1596;
483;1596;1592;
484;1592;1874;
485;1874;1873;
486;377;661;
487;378;379;
488;379;1890;
489;1890;380;
490;380;1891;
491;1891;381;
492;381;382;
493;382;383;
494;372;1869;
495;1869;1335;
496;1335;384;
497;384;385;
498;385;386;
499;386;387;
500;387;1844;
501;1844;95;
502;260;388;
503;388;1602;
504;1602;384;
505;390;391;
506;391;885;
507;885;990;
508;990;991;
509;393;392;
510;394;395;
511;559;396;
512;1290;1289;
513;1289;1288;
514;1288;1287;
515;1287;1286;
516;1286;1285;
517;1285;1284;
518;1284;397;
519;397;396;
520;1067;1066;
521;1066;398;
522;398;358;
523;399;400;
524;400;522;
525;522;402;
526;402;513;
527;405;1883;
528;1883;412;
529;542;415;
530;116;1190;
531;1190;212;
532;212;527;
533;527;188;
534;188;820;
535;820;115;
536;204;431;
537;431;432;
538;432;433;
539;433;191;
540;520;434;
541;434;1803;
542;1803;205;
543;436;437;
544;437;438;
545;438;439;
546;439;440;
547;440;435;
548;435;441;
549;442;443;
550;443;1042;
551;1042;444;
552;444;445;
553;445;1043;
554;1043;446;
555;446;448;
556;448;1308;
557;1308;449;
558;449;1255;
559;1255;536;
560;536;1254;
561;451;452;
562;452;453;
563;453;454;
564;454;455;
565;456;457;
566;457;1272;
567;1272;458;
568;458;1273;
569;1273;459;
570;466;1276;
571;1276;467;
572;467;1275;
573;1275;468;
574;468;1277;
575;1277;469;
576;469;470;
577;470;471;
578;471;472;
579;472;473;
580;473;474;
581;474;475;
582;475;476;
583;476;477;
584;477;877;
585;877;478;
586;478;479;
587;479;451;
588;451;480;
589;480;455;
590;455;481;
591;481;482;
592;482;874;
593;874;483;
594;483;484;
595;484;485;
596;485;486;
597;486;487;
598;487;1278;
599;1278;1274;
600;1274;1279;
601;1279;488;
602;488;489;
603;484;490;
604;490;491;
605;491;471;
606;465;876;
607;876;492;
608;492;875;
609;875;493;
610;493;453;
611;496;494;
612;494;464;
613;206;207;
614;207;208;
615;208;209;
616;209;1270;
617;1270;210;
618;210;1271;
619;1271;211;
620;211;212;
621;460;461;
622;461;639;
623;639;462;
624;462;1472;
625;1472;640;
626;640;463;
627;463;955;
628;955;494;
629;501;596;
630;596;500;
631;502;503;
632;503;504;
633;282;283;
634;283;284;
635;284;1439;
636;1439;285;
637;285;1438;
638;1438;1437;
639;1437;286;
640;286;1436;
641;1436;101;
642;506;507;
643;507;508;
644;508;509;
645;509;506;
646;506;411;
647;510;511;
648;511;505;
649;96;1842;
650;1842;1604;
651;1604;1605;
652;1605;1106;
653;1106;699;
654;699;1108;
655;1108;2;
656;2;3;
657;3;1606;
658;1606;1;
659;825;824;
660;824;750;
661;750;751;
662;751;1311;
663;1311;515;
664;188;526;
665;526;525;
666;525;114;
667;152;747;
668;747;529;
669;529;533;
670;533;532;
671;532;154;
672;154;590;
673;17;569;
674;569;1731;
675;1731;1729;
676;1729;1730;
677;1730;1725;
678;1725;1728;
679;1728;1726;
680;1726;902;
681;547;495;
682;547;545;
683;545;548;
684;548;546;
685;546;547;
686;554;1721;
687;1721;1722;
688;1722;1146;
689;1146;1723;
690;1723;549;
691;549;552;
692;552;1148;
693;1148;550;
694;550;553;
695;553;873;
696;873;185;
697;551;553;
698;560;555;
699;34;746;
700;746;530;
701;530;564;
702;564;558;
703;558;557;
704;173;821;
705;821;968;
706;968;965;
707;965;174;
708;571;570;
709;570;573;
710;573;757;
711;577;575;
712;944;575;
713;575;580;
714;589;595;
715;595;599;
716;599;593;
717;593;586;
718;586;581;
719;581;601;
720;1172;594;
721;594;582;
722;582;605;
723;590;584;
724;584;600;
725;600;1533;
726;1533;597;
727;597;1534;
728;1534;591;
729;591;1532;
730;1532;585;
731;585;588;
732;588;592;
733;592;1524;
734;1524;1525;
735;1525;598;
736;598;1526;
737;1526;1527;
738;1527;583;
739;583;607;
740;607;1528;
741;1528;603;
742;603;587;
743;587;1214;
744;1214;1213;
745;1213;1211;
746;613;661;
747;143;715;
748;715;617;
749;623;1160;
750;1160;609;
751;139;623;
752;619;1831;
753;1831;1829;
754;1829;1830;
755;1830;1828;
756;1828;612;
757;612;609;
758;609;1475;
759;1475;618;
760;628;611;
761;611;625;
762;625;610;
763;610;632;
764;632;626;
765;626;629;
766;629;614;
767;614;630;
768;630;615;
769;615;622;
770;622;621;
771;621;627;
772;627;619;
773;619;616;
774;616;631;
775;631;620;
776;620;624;
777;624;628;
778;68;1846;
779;1846;1158;
780;1158;618;
781;618;623;
782;643;642;
783;650;652;
784;652;1238;
785;1238;740;
786;740;1239;
787;1239;132;
788;132;736;
789;736;734;
790;734;727;
791;727;1936;
792;84;430;
793;430;1875;
794;1875;429;
795;429;1354;
796;1354;428;
797;428;1355;
798;1355;427;
799;427;426;
800;426;425;
801;425;654;
802;654;364;
803;660;661;
804;661;83;
805;664;942;
806;942;1115;
807;88;1157;
808;1157;664;
809;1936;726;
810;726;663;
811;1936;131;
812;131;725;
813;659;541;
814;659;660;
815;386;1328;
816;1328;1601;
817;1601;665;
818;665;1329;
819;1329;666;
820;95;1330;
821;1330;666;
822;666;129;
823;129;84;
824;541;1319;
825;1319;370;
826;370;1320;
827;1320;371;
828;371;1321;
829;1321;372;
830;72;73;
831;961;710;
832;710;962;
833;962;709;
834;709;707;
835;707;704;
836;704;1569;
837;1569;671;
838;671;1571;
839;1571;669;
840;961;71;
841;71;216;
842;216;705;
843;705;72;
844;149;1570;
845;1570;1814;
846;1814;495;
847;495;447;
848;447;59;
849;59;907;
850;907;60;
851;60;61;
852;61;442;
853;442;893;
854;893;113;
855;644;1584;
856;1584;1583;
857;1583;1840;
858;1840;648;
859;1582;1826;
860;1826;1581;
861;1581;1827;
862;1827;1580;
863;1580;1201;
864;135;1118;
865;1118;126;
866;1351;676;
867;676;678;
868;678;682;
869;682;680;
870;676;1838;
871;1838;674;
872;674;1835;
873;1835;1836;
874;1836;673;
875;673;675;
876;675;1839;
877;1839;1837;
878;1837;677;
879;677;1834;
880;1834;1833;
881;1833;679;
882;92;1824;
883;1824;683;
884;683;1825;
885;1825;685;
886;694;695;
887;695;693;
888;693;691;
889;691;690;
890;690;692;
891;692;689;
892;689;691;
893;670;701;
894;701;672;
895;725;728;
896;732;663;
897;728;730;
898;730;88;
899;732;1513;
900;1513;664;
901;34;601;
902;601;35;
903;35;155;
904;155;1832;
905;1832;903;
906;903;904;
907;904;1741;
908;1741;1740;
909;724;723;
910;723;1507;
911;1507;721;
912;721;1506;
913;1506;124;
914;719;68;
915;68;1474;
916;1474;1937;
917;1937;88;
918;719;1165;
919;1165;717;
920;717;126;
921;126;1164;
922;1164;134;
923;134;1162;
924;1162;712;
925;712;1163;
926;1163;714;
927;714;716;
928;716;718;
929;718;1514;
930;1514;719;
931;738;872;
932;737;1679;
933;1679;1674;
934;1674;738;
935;745;1169;
936;1169;580;
937;580;578;
938;578;883;
939;883;146;
940;146;48;
941;1716;1717;
942;1717;1718;
943;1718;635;
944;635;1712;
945;1712;1713;
946;1713;1715;
947;1715;1714;
948;1714;944;
949;534;105;
950;657;1047;
951;1047;66;
952;716;126;
953;736;735;
954;735;729;
955;740;742;
956;742;741;
957;741;739;
958;753;544;
959;754;1703;
960;1703;1700;
961;1700;1698;
962;1698;1699;
963;1699;1696;
964;1696;1697;
965;1697;755;
966;755;1695;
967;1695;1694;
968;1694;756;
969;1743;1755;
970;1755;1754;
971;1754;1751;
972;1751;1752;
973;1752;1753;
974;1753;1740;
975;759;1736;
976;1736;1735;
977;1735;1229;
978;1229;1230;
979;1230;1739;
980;1739;1737;
981;1737;1738;
982;1738;758;
983;762;761;
984;752;517;
985;517;516;
986;516;825;
987;825;514;
988;514;1310;
989;1310;519;
990;519;1309;
991;1309;518;
992;781;765;
993;765;772;
994;772;773;
995;773;799;
996;799;806;
997;806;807;
998;807;802;
999;802;769;
1000;783;774;
1001;774;771;
1002;771;969;
1003;969;811;
1004;793;412;
1005;412;778;
1006;778;779;
1007;779;787;
1008;787;789;
1009;789;947;
1010;801;804;
1011;804;775;
1012;775;795;
1013;795;784;
1014;947;805;
1015;805;791;
1016;791;767;
1017;767;808;
1018;808;766;
1019;766;786;
1020;786;800;
1021;800;830;
1022;830;797;
1023;797;1815;
1024;1815;1817;
1025;1817;810;
1026;810;1816;
1027;1816;798;
1028;798;411;
1029;411;788;
1030;788;768;
1031;768;782;
1032;782;794;
1033;794;803;
1034;803;790;
1035;790;1302;
1036;1302;784;
1037;784;770;
1038;770;813;
1039;813;1301;
1040;1301;780;
1041;780;1300;
1042;809;792;
1043;792;777;
1044;777;796;
1045;796;776;
1046;776;785;
1047;785;812;
1048;812;811;
1049;811;769;
1050;637;636;
1051;636;497;
1052;497;1774;
1053;1774;1775;
1054;1775;1777;
1055;1777;1776;
1056;1776;992;
1057;992;1778;
1058;1778;498;
1059;498;1779;
1060;1779;499;
1061;499;1516;
1062;1516;1515;
1063;1515;1517;
1064;1517;500;
1065;1116;1231;
1066;1231;939;
1067;939;27;
1068;27;924;
1069;924;1113;
1070;1113;9;
1071;9;938;
1072;938;815;
1073;815;937;
1074;937;934;
1075;934;823;
1076;823;1114;
1077;1114;22;
1078;22;932;
1079;932;19;
1080;19;945;
1081;945;1259;
1082;1259;10;
1083;10;11;
1084;11;930;
1085;930;125;
1086;125;1237;
1087;1237;1235;
1088;1235;926;
1089;926;23;
1090;23;931;
1091;931;12;
1092;12;1575;
1093;1575;927;
1094;927;925;
1095;925;24;
1096;24;1822;
1097;1822;1115;
1098;1115;928;
1099;928;1332;
1100;1332;13;
1101;13;86;
1102;86;25;
1103;25;1228;
1104;1228;14;
1105;14;935;
1106;935;26;
1107;26;936;
1108;936;1232;
1109;1232;1116;
1110;762;20;
1111;20;637;
1112;822;1459;
1113;1459;1204;
1114;1204;1680;
1115;1680;1681;
1116;1681;815;
1117;818;817;
1118;817;552;
1119;819;820;
1120;535;1574;
1121;555;399;
1122;399;49;
1123;49;50;
1124;50;51;
1125;401;783;
1126;783;809;
1127;809;781;
1128;781;947;
1129;1300;1298;
1130;1298;1297;
1131;1297;1299;
1132;1299;1296;
1133;1296;49;
1134;33;562;
1135;562;576;
1136;576;36;
1137;769;793;
1138;793;822;
1139;822;1442;
1140;48;884;
1141;884;401;
1142;401;950;
1143;950;887;
1144;152;748;
1145;748;33;
1146;30;29;
1147;831;1535;
1148;1535;829;
1149;829;830;
1150;854;853;
1151;853;850;
1152;834;848;
1153;848;838;
1154;838;839;
1155;839;849;
1156;849;856;
1157;856;855;
1158;855;841;
1159;841;837;
1160;837;842;
1161;842;843;
1162;843;834;
1163;832;836;
1164;836;840;
1165;840;845;
1166;845;847;
1167;847;833;
1168;833;846;
1169;846;859;
1170;859;851;
1171;851;1242;
1172;1242;835;
1173;835;844;
1174;844;850;
1175;834;852;
1176;861;858;
1177;858;865;
1178;865;857;
1179;857;862;
1180;862;864;
1181;864;868;
1182;868;867;
1183;867;860;
1184;860;866;
1185;866;218;
1186;872;1675;
1187;1675;1676;
1188;1676;1677;
1189;1677;870;
1190;870;1678;
1191;1678;871;
1192;871;869;
1193;869;4;
1194;9;1233;
1195;1233;1443;
1196;1443;1203;
1197;1203;235;
1198;235;1442;
1199;69;70;
1200;70;1564;
1201;1564;961;
1202;113;114;
1203;114;1174;
1204;1174;1243;
1205;1243;436;
1206;436;1245;
1207;1245;117;
1208;814;15;
1209;15;568;
1210;568;16;
1211;16;1773;
1212;1773;633;
1213;633;758;
1214;758;757;
1215;757;634;
1216;634;17;
1217;760;954;
1218;954;540;
1219;540;953;
1220;953;1743;
1221;1743;1761;
1222;1761;1745;
1223;1745;160;
1224;117;62;
1225;62;1244;
1226;1244;713;
1227;713;58;
1228;58;450;
1229;744;1054;
1230;1054;1914;
1231;1914;878;
1232;571;155;
1233;155;505;
1234;505;1466;
1235;1466;159;
1236;887;1463;
1237;1463;145;
1238;145;1913;
1239;1913;1912;
1240;1912;1202;
1241;1202;1114;
1242;897;889;
1243;889;901;
1244;901;890;
1245;890;899;
1246;899;900;
1247;900;895;
1248;895;896;
1249;896;891;
1250;891;894;
1251;894;888;
1252;888;892;
1253;892;898;
1254;898;1139;
1255;1139;893;
1256;903;1182;
1257;1182;906;
1258;906;905;
1259;905;904;
1260;916;918;
1261;918;914;
1262;914;909;
1263;915;917;
1264;917;910;
1265;910;912;
1266;912;920;
1267;1922;919;
1268;919;908;
1269;17;1716;
1270;1716;1711;
1271;1711;1708;
1272;1708;756;
1273;756;1917;
1274;1917;1257;
1275;1257;1689;
1276;1689;1688;
1277;1688;1258;
1278;1258;1687;
1279;1687;1259;
1280;518;749;
1281;590;30;
1282;159;158;
1283;158;882;
1284;161;157;
1285;157;881;
1286;881;1178;
1287;1178;880;
1288;880;243;
1289;243;156;
1290;156;571;
1291;761;763;
1292;66;67;
1293;67;8;
1294;657;144;
1295;144;658;
1296;658;617;
1297;617;714;
1298;1305;1734;
1299;1734;1733;
1300;1733;1727;
1301;1727;1732;
1302;1732;902;
1303;902;161;
1304;522;403;
1305;403;1818;
1306;1818;1819;
1307;1819;404;
1308;404;1820;
1309;1820;405;
1310;512;410;
1311;410;522;
1312;405;406;
1313;406;949;
1314;949;407;
1315;407;408;
1316;408;948;
1317;948;409;
1318;409;947;
1319;954;951;
1320;951;952;
1321;952;953;
1322;702;703;
1323;703;670;
1324;672;708;
1325;708;711;
1326;711;961;
1327;92;135;
1328;959;1510;
1329;1510;653;
1330;653;1509;
1331;1509;1508;
1332;1508;724;
1333;323;1435;
1334;1435;322;
1335;322;1434;
1336;1434;1433;
1337;1433;321;
1338;321;320;
1339;320;319;
1340;319;1560;
1341;1560;318;
1342;318;1559;
1343;1559;981;
1344;981;317;
1345;317;1558;
1346;1558;1138;
1347;301;973;
1348;973;974;
1349;974;993;
1350;993;975;
1351;975;976;
1352;980;977;
1353;977;978;
1354;978;1618;
1355;1618;1619;
1356;1619;979;
1357;980;332;
1358;332;1617;
1359;1617;333;
1360;333;334;
1361;334;1421;
1362;1421;1613;
1363;1613;1614;
1364;1614;335;
1365;335;336;
1366;336;1615;
1367;1615;337;
1368;337;1616;
1369;1616;1422;
1370;1422;1424;
1371;981;982;
1372;982;983;
1373;984;988;
1374;988;985;
1375;985;986;
1376;986;987;
1377;987;988;
1378;299;994;
1379;994;996;
1380;996;995;
1381;995;997;
1382;997;998;
1383;998;999;
1384;1001;1002;
1385;1002;1003;
1386;1003;1011;
1387;1011;1004;
1388;1004;1005;
1389;1005;1006;
1390;1006;1007;
1391;1007;1008;
1392;1000;1009;
1393;1009;1012;
1394;1012;1010;
1395;1010;1011;
1396;1012;1013;
1397;1013;1014;
1398;1013;1015;
1399;1016;1017;
1400;1017;1050;
1401;1050;1018;
1402;1018;1019;
1403;1019;1020;
1404;1020;1035;
1405;1035;1039;
1406;1039;1037;
1407;1037;1021;
1408;1021;1022;
1409;1022;1023;
1410;1023;1024;
1411;1024;1025;
1412;1025;1026;
1413;1026;1027;
1414;1027;1028;
1415;1028;1029;
1416;1029;1030;
1417;1030;1031;
1418;1031;1032;
1419;1033;1034;
1420;1034;1019;
1421;1035;1036;
1422;1037;1038;
1423;415;1672;
1424;1672;1671;
1425;1671;414;
1426;414;1670;
1427;1670;413;
1428;413;738;
1429;1050;1040;
1430;1051;1052;
1431;1052;1053;
1432;1064;267;
1433;267;1063;
1434;1055;1056;
1435;1056;1057;
1436;1057;1058;
1437;1058;1059;
1438;1059;1060;
1439;1060;1061;
1440;1097;1098;
1441;1098;1099;
1442;1099;1100;
1443;1100;1101;
1444;1101;1103;
1445;1103;1105;
1446;1105;1070;
1447;1085;1086;
1448;1103;1102;
1449;1076;1077;
1450;1073;1074;
1451;1081;1068;
1452;1074;1075;
1453;1075;1076;
1454;1082;1083;
1455;1083;1084;
1456;1084;1085;
1457;1077;1078;
1458;1078;1079;
1459;1079;1080;
1460;1080;1081;
1461;1069;1094;
1462;1094;1095;
1463;1095;1096;
1464;1096;1097;
1465;1086;1087;
1466;1088;1089;
1467;1087;1088;
1468;1089;1090;
1469;1090;1091;
1470;1091;1092;
1471;1092;1093;
1472;1106;1107;
1473;1107;1108;
1474;1107;1111;
1475;1111;1109;
1476;1109;1110;
1477;1111;1112;
1478;1118;1119;
1479;1119;1120;
1480;1120;1123;
1481;1123;1121;
1482;1121;1122;
1483;1124;1125;
1484;1125;1126;
1485;1126;1127;
1486;1127;1128;
1487;1128;1129;
1488;1129;1130;
1489;1131;1132;
1490;1132;1133;
1491;1133;1134;
1492;1134;1135;
1493;1135;1136;
1494;1136;1137;
1495;1137;46;
1496;1711;1704;
1497;1704;147;
1498;147;1701;
1499;1701;1702;
1500;1702;754;
1501;1488;1502;
1502;1502;1501;
1503;1501;1480;
1504;1480;1503;
1505;1503;1490;
1506;1154;1155;
1507;1147;1205;
1508;1205;1149;
1509;553;1152;
1510;1152;1153;
1511;1153;1151;
1512;1151;1150;
1513;1150;550;
1514;1146;1145;
1515;1145;1140;
1516;1140;1143;
1517;1143;1144;
1518;1144;1148;
1519;174;543;
1520;245;255;
1521;1068;1082;
1522;1093;1069;
1523;250;1048;
1524;1048;249;
1525;1071;1072;
1526;1072;1073;
1527;638;1104;
1528;1104;1102;
1529;1102;1065;
1530;1065;171;
1531;171;172;
1532;172;1062;
1533;1062;173;
1534;1167;1168;
1535;1168;415;
1536;28;32;
1537;32;557;
1538;607;1529;
1539;1529;1530;
1540;1530;1170;
1541;1170;1531;
1542;1531;1821;
1543;1821;1171;
1544;1171;1173;
1545;1401;1380;
1546;1380;1649;
1547;1649;1185;
1548;1185;1184;
1549;1184;1186;
1550;1186;1652;
1551;1652;1653;
1552;1653;1385;
1553;1385;1397;
1554;1397;1650;
1555;1650;1386;
1556;1386;1654;
1557;1654;1396;
1558;1396;565;
1559;565;1387;
1560;1387;1398;
1561;1398;1388;
1562;1388;1657;
1563;1657;1384;
1564;1384;1659;
1565;1659;923;
1566;923;1399;
1567;1399;271;
1568;97;1366;
1569;1366;1644;
1570;1644;1364;
1571;1364;1365;
1572;1365;1413;
1573;1413;1645;
1574;1645;1363;
1575;1363;1643;
1576;1643;539;
1577;539;1642;
1578;1642;1414;
1579;1414;1415;
1580;1415;353;
1581;1175;1176;
1582;1176;1177;
1583;1180;1181;
1584;565;56;
1585;1191;693;
1586;511;1192;
1587;1192;1194;
1588;1194;1193;
1589;1200;1199;
1590;1199;1195;
1591;1195;1196;
1592;1196;1197;
1593;1197;1198;
1594;84;260;
1595;260;659;
1596;85;1669;
1597;1669;130;
1598;130;1166;
1599;1166;96;
1600;1201;681;
1601;12;941;
1602;941;74;
1603;74;651;
1604;56;419;
1605;419;420;
1606;420;421;
1607;421;422;
1608;422;94;
1609;94;423;
1610;423;613;
1611;613;424;
1612;424;655;
1613;655;364;
1614;644;645;
1615;645;1936;
1616;1207;1206;
1617;1206;1208;
1618;528;1211;
1619;1211;1215;
1620;1215;606;
1621;606;1212;
1622;1212;1210;
1623;1210;1209;
1624;1209;28;
1625;1219;351;
1626;351;350;
1627;350;352;
1628;352;42;
1629;222;1446;
1630;1446;231;
1631;231;1445;
1632;1445;232;
1633;232;1791;
1634;1791;233;
1635;233;1444;
1636;1444;234;
1637;234;1935;
1638;1935;235;
1639;857;1221;
1640;1221;862;
1641;605;608;
1642;608;604;
1643;604;589;
1644;159;1468;
1645;1468;510;
1646;510;605;
1647;605;827;
1648;827;826;
1649;75;1512;
1650;1512;687;
1651;687;78;
1652;78;79;
1653;79;80;
1654;1184;1390;
1655;1390;1389;
1656;1389;354;
1657;354;1391;
1658;1391;1392;
1659;1392;355;
1660;355;356;
1661;356;357;
1662;357;266;
1663;266;264;
1664;921;1404;
1665;1404;268;
1666;268;1639;
1667;1639;1370;
1668;1370;556;
1669;556;269;
1670;269;270;
1671;270;1403;
1672;1403;1378;
1673;1378;1647;
1674;1647;1648;
1675;1648;1401;
1676;1401;1379;
1677;1379;1646;
1678;1646;1377;
1679;1377;1402;
1680;1402;271;
1681;271;1400;
1682;1400;922;
1683;922;1376;
1684;1376;97;
1685;97;1367;
1686;1367;1412;
1687;1412;272;
1688;272;1411;
1689;1411;1368;
1690;1368;1410;
1691;1410;538;
1692;538;1409;
1693;1409;353;
1694;353;1641;
1695;1641;1371;
1696;1371;1640;
1697;1640;921;
1698;1304;1303;
1699;1303;1222;
1700;1222;1223;
1701;1223;1224;
1702;1224;1225;
1703;1225;1226;
1704;1224;1227;
1705;167;416;
1706;416;1787;
1707;1787;51;
1708;51;1788;
1709;1788;265;
1710;265;193;
1711;193;1360;
1712;1360;1356;
1713;1356;417;
1714;417;229;
1715;229;418;
1716;418;56;
1717;51;1538;
1718;1538;972;
1719;972;52;
1720;52;53;
1721;53;54;
1722;54;559;
1723;559;55;
1724;55;282;
1725;282;310;
1726;310;57;
1727;55;363;
1728;363;100;
1729;100;325;
1730;325;287;
1731;287;1369;
1732;1207;55;
1733;42;1207;
1734;1589;1588;
1735;1588;150;
1736;150;38;
1737;38;39;
1738;39;40;
1739;40;339;
1740;339;41;
1741;41;169;
1742;169;1393;
1743;1393;1041;
1744;1041;1394;
1745;1394;340;
1746;340;307;
1747;307;341;
1748;341;343;
1749;343;395;
1750;395;393;
1751;393;347;
1752;347;42;
1753;42;1248;
1754;1248;1252;
1755;1252;168;
1756;396;1783;
1757;1783;1784;
1758;1784;1782;
1759;1782;1785;
1760;1785;1246;
1761;1246;1247;
1762;1249;1250;
1763;1250;1291;
1764;1291;1251;
1765;1251;1252;
1766;29;48;
1767;19;1685;
1768;1685;1261;
1769;1261;1684;
1770;1684;1683;
1771;1683;1686;
1772;1686;1260;
1773;1260;1262;
1774;1262;1692;
1775;1692;1720;
1776;1720;1682;
1777;1682;1719;
1778;1719;944;
1779;944;1305;
1780;1305;569;
1781;569;573;
1782;573;759;
1783;759;1055;
1784;1055;760;
1785;911;123;
1786;123;959;
1787;1510;1930;
1788;1930;1505;
1789;1505;1928;
1790;1262;743;
1791;743;1910;
1792;1910;1263;
1793;1263;1264;
1794;1264;1265;
1795;1265;1266;
1796;1266;1053;
1797;1053;1267;
1798;1267;1268;
1799;1268;1269;
1800;1269;745;
1801;691;1306;
1802;1306;1307;
1803;1333;1334;
1804;1335;1336;
1805;1336;1339;
1806;1339;1337;
1807;1337;1338;
1808;1339;1340;
1809;1340;1341;
1810;1341;1342;
1811;1342;1343;
1812;1343;1344;
1813;1344;1345;
1814;1345;1346;
1815;1346;1347;
1816;1347;1348;
1817;1348;1349;
1818;1349;1350;
1819;1350;1337;
1820;273;1542;
1821;1542;1358;
1822;1358;1541;
1823;1541;1357;
1824;1357;274;
1825;274;275;
1826;275;1543;
1827;1543;276;
1828;276;1544;
1829;1544;277;
1830;277;278;
1831;278;1545;
1832;1545;1546;
1833;1546;279;
1834;279;1547;
1835;1547;280;
1836;280;281;
1837;281;359;
1838;359;360;
1839;360;361;
1840;1371;1405;
1841;1405;1375;
1842;1375;1406;
1843;1406;1408;
1844;1408;1369;
1845;1369;1407;
1846;1407;1372;
1847;1372;1373;
1848;1373;1374;
1849;1374;556;
1850;1384;1662;
1851;1662;1383;
1852;1383;1658;
1853;1658;1382;
1854;1382;1661;
1855;1661;1651;
1856;1651;1660;
1857;1660;102;
1858;102;1381;
1859;1381;1655;
1860;1655;1656;
1861;1656;923;
1862;1447;1448;
1863;1448;1449;
1864;1449;1450;
1865;1450;1451;
1866;1451;1452;
1867;1452;1453;
1868;1453;1462;
1869;1462;1454;
1870;1454;1460;
1871;1460;1455;
1872;1455;1461;
1873;1461;1456;
1874;1456;1457;
1875;1457;1458;
1876;1458;1464;
1877;530;164;
1878;164;165;
1879;165;163;
1880;1465;1471;
1881;1471;1470;
1882;1470;1466;
1883;1466;1469;
1884;1469;1467;
1885;1467;1468;
1886;36;602;
1887;602;589;
1888;1473;1847;
1889;1847;1474;
1890;1479;1478;
1891;1490;1491;
1892;1491;1492;
1893;1492;1493;
1894;1493;1494;
1895;1494;1495;
1896;1495;1496;
1897;1496;1497;
1898;1497;1498;
1899;1498;1499;
1900;1499;1500;
1901;1500;1484;
1902;1484;1489;
1903;1489;1485;
1904;1485;1486;
1905;1486;1487;
1906;1487;1488;
1907;1490;1929;
1908;1929;911;
1909;500;1154;
1910;1154;1156;
1911;1156;1521;
1912;1521;1117;
1913;1117;244;
1914;500;1520;
1915;1520;1519;
1916;1519;1518;
1917;972;1067;
1918;1067;358;
1919;358;1180;
1920;1180;264;
1921;1538;1539;
1922;1539;1540;
1923;359;1548;
1924;1046;957;
1925;957;669;
1926;1045;958;
1927;958;1046;
1928;1565;69;
1929;1566;850;
1930;850;1565;
1931;670;960;
1932;960;1046;
1933;1046;956;
1934;956;672;
1935;1572;712;
1936;1574;1573;
1937;1573;1572;
1938;1442;512;
1939;512;1441;
1940;1441;1877;
1941;1877;513;
1942;513;194;
1943;194;50;
1944;50;1440;
1945;1440;37;
1946;37;1253;
1947;1253;151;
1948;151;563;
1949;563;828;
1950;828;47;
1951;206;205;
1952;205;181;
1953;213;206;
1954;1587;1586;
1955;1586;1585;
1956;1585;1876;
1957;1876;646;
1958;646;647;
1959;647;681;
1960;681;648;
1961;648;1240;
1962;1240;649;
1963;649;650;
1964;650;1568;
1965;1568;651;
1966;1607;1608;
1967;1608;1609;
1968;1609;1610;
1969;1610;1611;
1970;1611;1612;
1971;1690;1691;
1972;1691;1693;
1973;1693;1692;
1974;754;554;
1975;554;1147;
1976;1147;1142;
1977;1142;1488;
1978;1698;1705;
1979;1705;1709;
1980;1709;1706;
1981;1706;1707;
1982;1707;1710;
1983;1710;1708;
1984;1708;944;
1985;160;762;
1986;1745;1746;
1987;1746;1747;
1988;1747;1748;
1989;1748;1749;
1990;1749;1769;
1991;1769;1750;
1992;1756;1768;
1993;1768;1762;
1994;1762;1763;
1995;1763;1764;
1996;1764;1765;
1997;1765;1766;
1998;1766;1767;
1999;1767;764;
2000;1740;1756;
2001;1756;1757;
2002;1757;1758;
2003;1758;1759;
2004;1759;1760;
2005;1760;1761;
2006;1761;1770;
2007;1770;1771;
2008;1771;1772;
2009;1772;1773;
2010;1794;1795;
2011;1795;1796;
2012;1796;1797;
2013;1797;1799;
2014;1799;1798;
2015;148;1800;
2016;1800;217;
2017;217;852;
2018;852;218;
2019;218;1801;
2020;1801;219;
2021;219;863;
2022;863;220;
2023;220;832;
2024;832;709;
2025;1850;1849;
2026;1897;1850;
2027;1852;1851;
2028;1856;1855;
2029;1855;1854;
2030;1854;1853;
2031;1858;1857;
2032;1860;1859;
2033;1869;1868;
2034;1868;1867;
2035;1867;1866;
2036;1866;1865;
2037;1865;1858;
2038;1858;1860;
2039;1860;1864;
2040;1864;1863;
2041;1863;1862;
2042;1862;1861;
2043;1873;1872;
2044;1872;1871;
2045;1871;1870;
2046;1873;1333;
2047;1333;376;
2048;1876;1827;
2049;1882;1881;
2050;1881;1880;
2051;1880;1879;
2052;1879;1878;
2053;1878;1877;
2054;1849;1848;
2055;1848;1830;
2056;1898;1897;
2057;1893;1892;
2058;1895;1893;
2059;1892;1894;
2060;1894;1896;
2061;1899;1898;
2062;1894;1907;
2063;1907;1906;
2064;1906;1905;
2065;1905;1904;
2066;1904;1909;
2067;1909;1903;
2068;1903;1902;
2069;1902;1901;
2070;1901;1900;
2071;1900;1908;
2072;1917;1916;
2073;1916;1915;
2074;1920;1919;
2075;1919;1918;
2076;911;1922;
2077;1921;1924;
2078;1924;1925;
2079;1925;1926;
2080;1922;1923;
2081;1923;1921;
2082;1921;1926;
2083;1928;959;
2084;1928;1927;
2085;1933;1932;
2086;1932;1931;
2087;1931;1934;
2088;1935;1934;
2089;1937;1884;
2090;1884;1845;
2091;1885;1938;
2092;1886;1939;
