1;764;185
2;754;185
3;789;148
4;789;140
5;760;204
6;787;210
7;798;211
8;787;199
9;787;219
10;772;215
11;786;234
12;718;184
13;720;165
14;677;176
15;675;164
16;653;182
17;654;192
18;680;189
19;652;176
20;715;154
21;716;157
22;704;120
23;773;133
24;769;149
25;774;138
26;681;152
27;658;212
28;686;216
29;678;140
30;761;175
31;766;164
32;753;195
33;745;202
34;684;212
35;688;214
36;640;149
37;814;120
38;812;162
39;582;75
40;563;87
41;563;88
42;575;99
43;590;94
44;593;89
45;496;74
46;521;216
47;532;222
48;558;239
49;563;242
50;566;243
51;570;246
52;581;249
53;587;250
54;593;250
55;598;250
56;606;249
57;607;249
58;624;249
59;628;249
60;632;251
61;670;263
62;674;265
63;679;269
64;686;276
65;689;278
66;705;288
67;706;289
68;732;301
69;734;301
70;565;82
71;567;79
72;570;97
73;583;98
74;593;90
75;593;84
76;588;77
77;800;28
78;647;255
79;536;36
80;633;63
81;797;40
82;786;85
83;781;94
84;802;0
85;800;25
86;602;155
87;583;154
88;560;153
89;615;156
90;634;150
91;638;149
92;605;123
93;639;207
94;626;201
95;624;200
96;618;176
97;617;174
98;619;166
99;689;233
100;719;229
101;631;195
102;770;235
103;815;77
104;791;103
105;745;240
106;766;233
107;723;247
108;763;274
109;574;102
110;571;109
111;569;115
112;558;125
113;571;115
114;572;115
115;573;116
116;558;129
117;555;128
118;638;97
119;681;104
120;699;107
121;592;92
122;580;121
123;599;115
124;583;122
125;581;122
126;582;124
127;582;125
128;567;117
129;697;203
130;699;202
131;711;203
132;712;203
133;714;209
134;727;218
135;736;219
136;737;219
137;794;250
138;792;247
139;638;73
140;680;116
141;702;120
142;794;53
143;797;96
144;689;73
145;692;78
146;661;58
147;647;70
148;652;68
149;631;95
150;647;179
151;638;208
152;643;239
153;641;237
154;636;238
155;635;237
156;632;222
157;632;218
158;591;243
159;763;231
160;755;226
161;768;214
162;772;242
163;770;236
164;770;243
165;589;242
166;593;243
167;690;213
168;695;211
169;749;219
170;711;208
171;741;206
172;684;216
173;580;165
174;580;166
175;757;241
176;771;238
177;766;248
178;752;259
179;750;263
180;747;267
181;746;268
182;744;269
183;741;271
184;738;271
185;736;272
186;733;272
187;729;271
188;725;270
189;723;269
190;722;296
191;576;172
192;604;159
193;595;162
194;582;166
195;653;113
196;729;248
197;559;113
198;564;121
199;564;92
200;608;199
201;597;189
202;585;171
203;581;169
204;595;183
205;606;128
206;644;115
207;630;116
208;680;111
209;701;116
210;593;117
211;583;103
212;597;141
213;606;130
214;582;129
215;583;140
216;583;145
217;624;115
218;624;116
219;627;119
220;622;122
221;621;123
222;621;127
223;624;139
224;563;69
225;528;44
226;748;168
227;721;195
228;714;210
229;768;69
230;764;71
231;755;183
232;749;171
233;750;209
234;753;203
235;805;76
236;802;5
237;724;111
238;634;65
239;636;66
240;593;210
241;601;209
242;603;208
243;603;202
244;579;168
245;623;199
246;617;200
247;622;200
248;580;234
249;579;231
250;621;59
251;618;60
252;608;65
253;606;65
254;604;65
255;585;62
256;687;71
257;678;74
258;670;75
259;664;75
260;660;74
261;656;72
262;651;69
263;660;78
264;653;75
265;642;69
266;645;71
267;761;109
268;749;103
269;730;97
270;721;95
271;719;94
272;696;88
273;687;83
274;665;79
275;662;79
276;683;82
277;678;80
278;675;80
279;826;140
280;814;140
281;813;140
282;801;140
283;801;141
284;813;141
285;719;195
286;650;113
287;675;103
288;769;91
289;764;90
290;764;86
291;765;90
292;767;85
293;768;81
294;768;77
295;769;74
296;772;84
297;773;80
298;788;78
299;785;77
300;774;73
301;773;79
302;779;74
303;774;75
304;779;76
305;676;53
306;678;53
307;693;54
308;700;55
309;702;56
310;704;57
311;707;59
312;710;60
313;713;61
314;715;62
315;716;67
316;718;69
317;724;72
318;726;63
319;722;93
320;727;90
321;728;86
322;729;83
323;729;79
324;727;74
325;726;72
326;726;59
327;777;44
328;776;46
329;775;48
330;775;50
331;776;53
332;776;55
333;776;58
334;775;60
335;774;61
336;772;64
337;768;66
338;765;69
339;764;71
340;764;73
341;763;75
342;762;80
343;761;83
344;761;86
345;761;89
346;761;92
347;763;98
348;764;98
349;768;100
350;776;103
351;760;70
352;757;70
353;755;70
354;754;70
355;751;72
356;749;72
357;745;71
358;742;71
359;739;69
360;736;63
361;736;59
362;738;55
363;739;52
364;741;50
365;742;45
366;744;38
367;661;86
368;644;113
369;646;111
370;648;110
371;650;110
372;652;109
373;655;110
374;657;111
375;658;113
376;644;117
377;643;122
378;643;123
379;655;150
380;638;116
381;636;116
382;633;112
383;630;110
384;630;108
385;631;104
386;631;103
387;672;110
388;673;111
389;676;113
390;678;115
391;673;109
392;715;98
393;718;96
394;720;96
395;739;102
396;548;50
397;717;106
398;715;101
399;714;99
400;765;100
401;762;104
402;751;99
403;754;95
404;760;98
405;757;101
406;633;65
407;633;68
408;634;70
409;635;71
410;643;76
411;655;83
412;670;92
413;677;95
414;679;96
415;680;97
416;681;99
417;681;100
418;783;103
419;783;101
420;785;91
421;789;101
422;781;99
423;790;114
424;794;114
425;803;112
426;770;222
427;743;241
428;746;247
429;746;268
430;745;251
431;750;247
432;754;247
433;761;246
434;741;266
435;758;254
436;752;247
437;744;255
438;725;260
439;741;263
440;722;264
441;711;266
442;721;254
443;705;232
444;708;233
445;708;233
446;710;242
447;689;238
448;698;233
449;675;254
450;671;253
451;679;256
452;693;270
453;689;259
454;615;241
455;616;242
456;625;243
457;631;242
458;637;241
459;640;242
460;641;243
461;642;244
462;648;248
463;646;250
464;644;249
465;643;249
466;648;254
467;652;255
468;655;256
469;659;258
470;761;252
471;764;254
472;766;255
473;768;256
474;770;258
475;761;241
476;762;245
477;799;252
478;796;253
479;793;253
480;791;254
481;791;255
482;791;256
483;595;185
484;589;187
485;579;192
486;579;192
487;578;197
488;581;201
489;602;194
490;592;200
491;585;172
492;581;176
493;580;178
494;578;228
495;578;226
496;616;174
497;602;161
498;605;161
499;610;180
500;606;182
501;601;180
502;600;178
503;596;173
504;596;171
505;597;166
506;599;164
507;603;160
508;563;217
509;558;211
510;555;222
511;557;221
512;559;219
513;552;229
514;557;235
515;557;236
516;558;237
517;543;224
518;534;219
519;558;204
520;557;210
521;558;210
522;559;214
523;557;215
524;563;193
525;559;227
526;559;229
527;553;223
528;564;233
529;561;238
530;579;239
531;577;239
532;576;241
533;578;239
534;576;237
535;574;236
536;570;233
537;601;249
538;591;248
539;585;246
540;579;243
541;574;241
542;569;239
543;566;238
544;563;232
545;545;229
546;549;232
547;578;166
548;561;164
549;557;164
550;555;163
551;552;162
552;551;160
553;550;159
554;550;156
555;560;154
556;560;164
557;564;168
558;563;171
559;562;173
560;561;176
561;574;171
562;569;173
563;567;173
564;559;178
565;558;181
566;556;182
567;550;184
568;535;180
569;564;169
570;568;173
571;665;261
572;775;185
573;800;178
574;777;184
575;742;151
576;729;152
577;788;181
578;668;251
579;630;96
580;614;152
581;674;215
582;632;96
583;838;140
584;776;138
585;791;140
586;772;140
587;796;140
588;773;137
589;788;138
590;787;140
591;836;140
592;789;137
593;786;138
594;790;139
595;798;141
596;776;139
597;774;139
598;782;138
599;789;139
600;709;266
601;560;237
602;549;203
603;564;165
604;654;109
605;709;101
606;628;103
607;685;213
608;686;213
609;687;215
610;814;115
611;674;75
612;766;72
613;789;73
614;775;67
615;654;71
616;791;67
617;776;67
618;593;177
619;619;201
620;578;183
621;575;192
622;574;190
623;596;188
624;579;184
625;578;192
626;605;182
627;579;184
628;586;171
629;598;176
630;606;162
631;578;194
632;574;190
633;722;219
634;720;225
635;496;73
636;466;68
637;533;54
638;534;55
639;616;115
640;605;109
641;605;109
642;613;114
643;649;79
644;605;110
645;605;110
646;606;110
647;610;131
648;618;119
649;606;110
650;606;109
651;606;110
652;606;110
653;621;118
654;606;109
655;605;109
656;604;110
657;606;110
658;606;109
659;604;110
660;605;110
661;606;109
662;604;109
663;742;270
664;589;247
665;593;248
666;571;239
667;771;69
668;771;70
669;772;68
670;772;69
671;647;255
672;602;249
673;533;221
674;760;206
675;777;206
676;763;205
677;786;209
678;775;210
679;775;206
680;689;213
681;689;214
682;686;216
683;693;210
684;705;208
685;688;215
686;776;206
687;708;208
688;690;213
689;777;207
690;695;211
691;694;210
692;693;212
693;739;215
694;701;89
695;560;142
696;583;141
697;590;118
698;592;117
699;587;116
700;582;109
701;583;107
702;581;105
703;580;105
704;573;104
705;580;103
706;560;117
707;662;87
708;659;85
709;631;94
710;635;145
711;621;137
712;656;100
713;653;99
714;643;98
715;661;87
716;594;116
717;597;113
718;679;113
719;680;112
720;655;113
721;653;111
722;688;126
723;685;126
724;689;126
725;683;125
726;691;125
727;684;124
728;693;123
729;696;119
730;583;108
731;642;183
732;685;123
733;744;199
734;738;199
735;779;103
736;782;97
737;780;96
738;808;116
739;805;113
740;619;168
741;583;123
742;582;122
743;585;121
744;567;118
745;571;114
746;669;249
747;670;248
748;669;247
749;670;246
750;671;245
751;672;244
752;674;243
753;679;242
754;685;240
755;688;239
756;601;76
757;688;224
758;640;239
759;586;240
760;689;230
761;708;209
762;689;231
763;711;208
764;688;227
765;687;222
766;717;219
767;686;221
768;550;217
769;576;248
770;547;219
771;554;224
772;559;212
773;556;225
774;731;255
775;799;192
776;769;234
777;770;233
778;706;232
779;750;219
780;751;219
781;738;219
782;748;219
783;753;218
784;757;213
785;690;211
786;758;211
787;740;206
788;748;200
789;745;201
790;745;200
791;659;250
792;689;233
793;688;232
794;685;218
795;683;217
796;686;217
797;681;154
798;712;148
799;678;143
800;692;264
801;693;262
802;699;201
803;694;201
804;698;200
805;700;201
806;697;200
807;696;200
808;698;202
809;700;201
810;564;165
811;564;175
812;693;280
813;722;252
814;720;251
815;717;251
816;723;251
817;715;250
818;725;248
819;728;248
820;647;247
821;615;242
822;643;238
823;558;238
824;642;237
825;636;205
826;634;205
827;633;204
828;627;203
829;628;202
830;627;202
831;625;202
832;624;201
833;581;200
834;623;200
835;578;198
836;579;198
837;578;193
838;581;168
839;735;162
840;744;161
841;735;160
842;744;160
843;730;159
844;730;159
845;735;159
846;729;159
847;743;159
848;743;158
849;743;158
850;743;158
851;729;154
852;743;153
853;551;152
854;639;147
855;608;132
856;607;129
857;615;128
858;607;128
859;605;126
860;606;126
861;605;124
862;773;120
863;775;122
864;789;122
865;777;122
866;774;121
867;564;120
868;770;119
869;563;119
870;772;118
871;562;118
872;773;117
873;594;116
874;593;116
875;592;116
876;597;115
877;593;115
878;598;115
879;646;115
880;596;115
881;645;114
882;590;113
883;591;113
884;591;113
885;719;110
886;717;107
887;767;107
888;765;107
889;763;106
890;769;105
891;767;104
892;765;104
893;579;103
894;581;102
895;579;102
896;580;102
897;756;92
898;546;81
899;561;70
900;557;67
901;629;103
902;659;259
903;652;257
904;812;115
905;811;116
906;810;116
907;809;117
908;532;80
909;464;67
910;449;65
911;672;215
912;754;209
913;744;207
914;817;143
915;734;219
916;721;222
917;739;205
918;728;218
919;728;218
920;748;218
921;751;238
922;761;234
923;757;235
924;752;237
925;758;234
926;758;234
927;757;235
928;763;234
929;763;232
930;762;234
931;763;233
932;763;233
933;578;75
934;611;153
935;603;154
936;564;95
937;714;208
938;715;205
939;587;52
940;571;76
941;659;225
942;659;225
943;661;224
944;657;225
945;658;224
946;657;224
947;658;222
948;659;220
949;661;219
950;661;216
951;663;216
952;664;214
953;559;213
954;795;253
955;791;245
956;784;234
957;786;239
958;786;238
959;786;237
960;789;242
961;787;234
962;757;266
963;764;273
964;740;267
965;709;267
966;713;265
967;723;264
968;722;269
969;722;265
970;718;259
971;712;266
972;712;266
973;713;266
974;713;266
975;713;267
976;713;267
977;713;266
978;734;253
979;734;252
980;734;253
981;734;253
982;734;252
983;734;252
984;731;249
985;731;248
986;734;252
987;730;248
988;730;248
989;730;249
990;731;247
991;745;243
992;745;242
993;747;246
994;744;241
995;745;243
996;747;244
997;745;241
998;748;244
999;745;241
1000;747;245
1001;747;244
1002;748;244
1003;746;244
1004;746;246
1005;747;245
1006;747;244
1007;746;244
1008;747;245
1009;745;241
1010;789;132
1011;747;247
1012;747;247
1013;746;247
1014;747;247
1015;767;233
1016;767;233
1017;732;247
1018;770;236
1019;747;239
1020;772;235
1021;635;208
1022;629;215
1023;630;215
1024;629;228
1025;799;225
1026;796;233
1027;798;231
1028;795;225
1029;794;230
1030;793;233
1031;786;219
1032;787;207
1033;786;207
1034;786;207
1035;787;207
1036;787;206
1037;787;207
1038;785;208
1039;787;206
1040;777;205
1041;759;235
1042;758;235
1043;758;235
1044;767;214
1045;767;214
1046;766;214
1047;766;214
1048;767;214
1049;766;214
1050;767;214
1051;764;213
1052;764;213
1053;763;213
1054;763;213
1055;750;223
1056;750;222
1057;753;225
1058;752;224
1059;750;220
1060;750;224
1061;747;239
1062;751;224
1063;750;224
1064;749;226
1065;750;225
1066;749;225
1067;746;238
1068;752;225
1069;748;239
1070;748;239
1071;745;240
1072;750;220
1073;746;238
1074;746;239
1075;746;238
1076;752;224
1077;751;224
1078;750;223
1079;746;239
1080;747;239
1081;750;224
1082;747;239
1083;738;242
1084;738;242
1085;723;219
1086;723;219
1087;723;219
1088;723;219
1089;749;219
1090;739;218
1091;741;218
1092;752;219
1093;728;219
1094;722;219
1095;725;218
1096;722;219
1097;740;218
1098;739;216
1099;722;219
1100;738;218
1101;735;219
1102;739;217
1103;740;218
1104;722;219
1105;740;217
1106;739;217
1107;739;217
1108;722;252
1109;724;247
1110;725;248
1111;723;246
1112;726;248
1113;694;231
1114;688;221
1115;696;232
1116;685;219
1117;692;228
1118;693;229
1119;691;223
1120;691;225
1121;789;130
1122;789;128
1123;705;119
1124;706;118
1125;705;118
1126;716;110
1127;638;173
1128;645;176
1129;635;170
1130;636;171
1131;632;164
1132;648;178
1133;711;249
1134;716;250
1135;712;250
1136;715;250
1137;712;250
1138;717;250
1139;712;257
1140;712;259
1141;711;250
1142;711;262
1143;711;244
1144;711;264
1145;711;265
1146;711;266
1147;705;254
1148;707;260
1149;708;263
1150;692;269
1151;692;267
1152;692;266
1153;689;257
1154;693;259
1155;674;254
1156;712;231
1157;670;263
1158;665;258
1159;660;259
1160;660;259
1161;660;259
1162;661;257
1163;670;263
1164;670;261
1165;670;262
1166;670;260
1167;670;263
1168;660;259
1169;662;257
1170;670;260
1171;669;262
1172;661;257
1173;661;257
1174;661;257
1175;670;260
1176;680;256
1177;670;245
1178;666;253
1179;650;248
1180;653;249
1181;656;250
1182;667;252
1183;666;253
1184;665;253
1185;665;253
1186;688;217
1187;688;216
1188;688;216
1189;689;217
1190;688;216
1191;690;217
1192;689;217
1193;690;217
1194;689;217
1195;688;217
1196;690;213
1197;695;231
1198;690;214
1199;691;228
1200;692;229
1201;690;227
1202;692;229
1203;690;227
1204;689;223
1205;690;228
1206;691;228
1207;690;228
1208;692;229
1209;691;228
1210;691;228
1211;692;231
1212;692;231
1213;690;222
1214;688;222
1215;688;222
1216;687;222
1217;689;222
1218;693;229
1219;692;226
1220;694;228
1221;692;226
1222;692;225
1223;693;227
1224;693;227
1225;692;225
1226;692;225
1227;694;230
1228;696;230
1229;699;229
1230;699;230
1231;698;229
1232;698;230
1233;697;230
1234;697;229
1235;696;231
1236;700;230
1237;700;229
1238;696;231
1239;697;230
1240;697;230
1241;699;229
1242;699;230
1243;698;230
1244;698;229
1245;699;229
1246;699;229
1247;699;229
1248;698;229
1249;699;230
1250;696;230
1251;698;229
1252;696;231
1253;696;230
1254;694;228
1255;695;225
1256;698;228
1257;694;229
1258;695;226
1259;696;227
1260;695;227
1261;695;227
1262;694;228
1263;696;225
1264;697;228
1265;696;227
1266;695;226
1267;694;229
1268;697;228
1269;695;226
1270;695;227
1271;696;227
1272;694;227
1273;698;228
1274;695;227
1275;696;227
1276;696;227
1277;694;228
1278;698;229
1279;694;225
1280;694;227
1281;703;220
1282;709;219
1283;703;216
1284;701;214
1285;700;214
1286;710;226
1287;703;218
1288;703;217
1289;706;225
1290;703;216
1291;703;216
1292;706;225
1293;709;220
1294;704;223
1295;706;225
1296;703;219
1297;707;226
1298;699;212
1299;702;215
1300;699;211
1301;708;226
1302;699;213
1303;710;225
1304;709;226
1305;703;221
1306;710;225
1307;707;226
1308;701;214
1309;707;214
1310;707;214
1311;700;214
1312;702;214
1313;706;213
1314;701;214
1315;706;213
1316;701;214
1317;706;213
1318;707;214
1319;688;234
1320;693;211
1321;692;210
1322;699;210
1323;692;212
1324;695;232
1325;700;232
1326;791;245
1327;793;244
1328;564;74
1329;797;210
1330;531;51
1331;544;45
1332;792;254
1333;777;186
1334;777;198
1335;779;183
1336;760;205
1337;761;205
1338;760;205
1339;762;205
1340;760;205
1341;762;205
1342;750;222
1343;750;223
1344;752;204
1345;753;198
1346;755;203
1347;750;207
1348;760;202
1349;761;201
1350;755;186
1351;751;198
1352;754;189
1353;753;193
1354;752;196
1355;751;219
1356;724;251
1357;729;248
1358;724;250
1359;724;249
1360;723;248
1361;723;250
1362;724;251
1363;723;195
1364;718;201
1365;723;210
1366;725;218
1367;723;199
1368;731;210
1369;725;218
1370;726;206
1371;724;199
1372;723;207
1373;724;198
1374;724;213
1375;732;211
1376;731;212
1377;731;212
1378;722;201
1379;724;212
1380;723;199
1381;725;216
1382;723;196
1383;724;196
1384;725;217
1385;722;208
1386;731;210
1387;723;196
1388;724;210
1389;732;211
1390;725;218
1391;722;199
1392;723;209
1393;722;199
1394;725;218
1395;732;211
1396;722;205
1397;723;196
1398;725;218
1399;724;199
1400;724;214
1401;731;210
1402;725;218
1403;722;209
1404;724;196
1405;718;207
1406;742;206
1407;737;200
1408;737;200
1409;740;206
1410;741;206
1411;741;199
1412;738;199
1413;741;206
1414;742;206
1415;738;199
1416;744;199
1417;738;199
1418;743;205
1419;745;201
1420;743;199
1421;743;199
1422;738;203
1423;739;206
1424;743;206
1425;743;205
1426;745;202
1427;741;208
1428;743;207
1429;740;209
1430;740;207
1431;740;205
1432;743;217
1433;748;218
1434;748;218
1435;747;218
1436;743;217
1437;727;218
1438;727;218
1439;732;218
1440;726;218
1441;767;99
1442;751;97
1443;748;98
1444;743;99
1445;756;91
1446;734;100
1447;722;111
1448;761;90
1449;758;91
1450;751;94
1451;746;98
1452;751;95
1453;747;97
1454;742;99
1455;742;99
1456;753;92
1457;752;97
1458;753;95
1459;746;98
1460;748;96
1461;750;94
1462;749;95
1463;764;84
1464;765;78
1465;560;66
1466;712;204
1467;712;204
1468;714;208
1469;718;197
1470;713;196
1471;713;197
1472;719;195
1473;716;204
1474;719;195
1475;704;207
1476;704;207
1477;705;205
1478;692;211
1479;714;208
1480;690;212
1481;690;212
1482;691;211
1483;710;203
1484;708;185
1485;709;190
1486;708;185
1487;708;185
1488;708;185
1489;695;205
1490;682;200
1491;687;213
1492;687;213
1493;688;213
1494;685;213
1495;685;212
1496;672;210
1497;672;209
1498;673;209
1499;675;214
1500;659;198
1501;657;201
1502;658;198
1503;658;199
1504;657;202
1505;677;205
1506;660;198
1507;665;198
1508;662;197
1509;665;197
1510;666;198
1511;663;197
1512;657;202
1513;657;200
1514;562;108
1515;557;127
1516;568;114
1517;558;112
1518;567;115
1519;556;127
1520;556;125
1521;570;113
1522;559;123
1523;569;114
1524;557;124
1525;561;110
1526;565;117
1527;585;76
1528;580;99
1529;567;96
1530;577;99
1531;588;96
1532;595;89
1533;563;90
1534;572;98
1535;566;81
1536;595;90
1537;573;75
1538;593;86
1539;593;82
1540;576;75
1541;580;75
1542;590;79
1543;712;292
1544;711;291
1545;688;277
1546;629;63
1547;704;240
1548;703;239
1549;703;239
1550;704;239
1551;680;255
1552;704;252
1553;574;101
1554;586;99
1555;684;217
1556;685;216
1557;685;217
1558;717;230
1559;653;233
1560;658;232
1561;653;234
1562;660;233
1563;653;234
1564;653;234
1565;667;228
1566;663;231
1567;668;228
1568;664;234
1569;654;232
1570;664;231
1571;664;232
1572;654;234
1573;663;232
1574;666;229
1575;658;232
1576;657;232
1577;663;231
1578;667;228
1579;667;227
1580;657;232
1581;666;230
1582;667;227
1583;664;231
1584;653;233
1585;660;232
1586;653;232
1587;653;232
1588;653;232
1589;666;229
1590;656;229
1591;659;232
1592;658;231
1593;656;229
1594;654;232
1595;657;229
1596;661;231
1597;658;230
1598;658;229
1599;654;233
1600;654;233
1601;656;231
1602;662;231
1603;657;229
1604;659;229
1605;658;229
1606;656;230
1607;655;231
1608;663;215
1609;663;215
1610;658;223
1611;658;223
1612;658;223
1613;663;217
1614;657;224
1615;657;224
1616;657;224
1617;633;225
1618;653;226
1619;650;230
1620;649;230
1621;649;225
1622;653;226
1623;650;225
1624;648;225
1625;647;229
1626;645;229
1627;646;229
1628;649;225
1629;651;226
1630;650;230
1631;633;225
1632;632;224
1633;652;226
1634;650;230
1635;652;237
1636;652;232
1637;652;233
1638;652;237
1639;654;227
1640;652;231
1641;652;238
1642;653;230
1643;644;249
1644;643;250
1645;646;250
1646;643;250
1647;643;249
1648;646;250
1649;637;252
1650;638;241
1651;664;237
1652;636;207
1653;625;214
1654;637;207
1655;636;207
1656;632;212
1657;634;211
1658;637;207
1659;637;207
1660;637;207
1661;614;201
1662;614;201
1663;614;203
1664;614;203
1665;612;211
1666;610;210
1667;614;203
1668;614;202
1669;615;200
1670;611;211
1671;616;212
1672;614;204
1673;612;207
1674;613;203
1675;613;203
1676;614;203
1677;613;203
1678;613;203
1679;601;235
1680;601;235
1681;600;235
1682;600;235
1683;601;235
1684;601;235
1685;600;235
1686;601;235
1687;623;232
1688;622;234
1689;624;231
1690;630;228
1691;625;230
1692;630;222
1693;631;225
1694;631;226
1695;603;238
1696;627;221
1697;630;219
1698;627;221
1699;613;236
1700;628;219
1701;608;237
1702;602;234
1703;630;227
1704;620;230
1705;628;221
1706;609;235
1707;615;236
1708;630;220
1709;616;233
1710;630;220
1711;605;235
1712;626;220
1713;629;219
1714;629;219
1715;603;235
1716;628;220
1717;621;229
1718;607;235
1719;627;221
1720;626;220
1721;622;233
1722;623;232
1723;623;229
1724;626;219
1725;604;238
1726;600;238
1727;599;238
1728;599;237
1729;598;236
1730;601;233
1731;610;237
1732;598;234
1733;598;237
1734;599;234
1735;598;235
1736;600;233
1737;602;238
1738;600;233
1739;608;216
1740;606;221
1741;608;218
1742;604;228
1743;607;221
1744;602;233
1745;623;229
1746;593;224
1747;593;233
1748;593;223
1749;593;224
1750;592;224
1751;593;224
1752;592;224
1753;592;224
1754;592;224
1755;622;238
1756;619;236
1757;622;234
1758;622;235
1759;621;235
1760;620;237
1761;623;238
1762;622;238
1763;620;237
1764;619;236
1765;619;236
1766;619;235
1767;619;235
1768;622;235
1769;621;238
1770;621;238
1771;622;235
1772;625;238
1773;634;237
1774;630;238
1775;615;233
1776;613;234
1777;619;235
1778;630;220
1779;625;230
1780;627;229
1781;527;78
1782;637;239
1783;564;85
1784;591;218
1785;592;216
1786;589;215
1787;589;215
1788;591;211
1789;587;216
1790;593;210
1791;582;239
1792;581;239
1793;583;239
1794;584;239
1795;570;228
1796;572;229
1797;571;228
1798;563;229
1799;580;235
1800;551;229
1801;572;229
1802;585;239
1803;559;229
1804;582;237
1805;635;237
1806;641;237
1807;636;238
1808;580;235
1809;635;237
1810;592;210
1811;588;211
1812;593;210
1813;586;210
1814;586;210
1815;586;209
1816;586;209
1817;590;210
1818;581;195
1819;585;193
1820;589;202
1821;591;202
1822;581;195
1823;588;201
1824;580;194
1825;582;195
1826;592;200
1827;592;201
1828;582;195
1829;582;194
1830;582;195
1831;584;193
1832;582;194
1833;592;201
1834;586;193
1835;584;193
1836;588;202
1837;581;194
1838;582;195
1839;583;194
1840;590;202
1841;579;204
1842;579;204
1843;574;206
1844;573;202
1845;578;204
1846;581;204
1847;573;203
1848;573;203
1849;576;204
1850;573;202
1851;578;204
1852;575;203
1853;577;204
1854;573;204
1855;577;204
1856;575;203
1857;581;203
1858;575;204
1859;580;200
1860;581;200
1861;579;196
1862;580;196
1863;595;188
1864;594;188
1865;595;188
1866;596;187
1867;594;187
1868;581;189
1869;579;190
1870;585;189
1871;583;189
1872;580;180
1873;578;183
1874;574;191
1875;579;180
1876;576;192
1877;575;192
1878;575;192
1879;580;181
1880;578;192
1881;580;181
1882;581;180
1883;579;182
1884;579;183
1885;581;180
1886;582;180
1887;581;180
1888;579;181
1889;580;180
1890;579;180
1891;581;180
1892;584;188
1893;585;188
1894;584;188
1895;555;229
1896;608;200
1897;604;201
1898;583;172
1899;583;172
1900;584;172
1901;583;172
1902;582;172
1903;573;174
1904;574;175
1905;574;175
1906;576;174
1907;574;175
1908;576;176
1909;576;176
1910;574;175
1911;574;173
1912;562;193
1913;558;197
1914;561;194
1915;558;194
1916;558;196
1917;555;200
1918;554;200
1919;560;198
1920;557;197
1921;557;197
1922;555;199
1923;560;198
1924;559;197
1925;558;197
1926;557;197
1927;561;194
1928;557;210
1929;559;213
1930;689;231
1931;686;219
1932;686;222
1933;690;232
1934;688;230
1935;692;233
1936;691;232
1937;691;233
1938;689;232
1939;533;179
1940;561;175
1941;551;172
1942;550;172
1943;550;172
1944;549;173
1945;544;183
1946;552;229
1947;553;229
1948;786;234
1949;770;236
1950;749;239
1951;746;238
1952;758;211
1953;785;208
1954;616;199
1955;632;220
1956;632;223
1957;633;217
1958;616;200
1959;616;199
1960;621;200
1961;623;201
1962;622;200
1963;620;201
1964;623;201
1965;610;186
1966;603;181
1967;613;184
1968;612;183
1969;613;184
1970;619;183
1971;618;183
1972;619;183
1973;612;183
1974;612;184
1975;612;183
1976;607;182
1977;608;181
1978;610;183
1979;609;185
1980;608;185
1981;606;183
1982;610;186
1983;607;184
1984;610;184
1985;607;184
1986;610;185
1987;609;183
1988;609;185
1989;607;184
1990;608;185
1991;609;183
1992;607;183
1993;610;186
1994;609;184
1995;609;184
1996;610;183
1997;607;184
1998;609;184
1999;609;185
2000;609;185
2001;609;185
2002;610;184
2003;610;186
2004;610;184
2005;607;182
2006;609;184
2007;610;185
2008;610;185
2009;603;202
2010;608;164
2011;608;165
2012;607;164
2013;610;169
2014;610;168
2015;612;171
2016;611;170
2017;611;169
2018;611;174
2019;611;170
2020;611;173
2021;610;168
2022;610;178
2023;608;181
2024;608;181
2025;607;180
2026;607;181
2027;607;181
2028;606;180
2029;599;177
2030;606;190
2031;601;183
2032;606;189
2033;606;190
2034;606;190
2035;606;189
2036;603;186
2037;599;179
2038;607;188
2039;601;162
2040;596;169
2041;597;174
2042;598;165
2043;597;167
2044;597;163
2045;598;162
2046;600;162
2047;601;162
2048;597;163
2049;596;164
2050;599;162
2051;598;162
2052;596;164
2053;603;161
2054;604;161
2055;606;163
2056;594;168
2057;594;168
2058;594;171
2059;594;170
2060;594;171
2061;594;170
2062;587;172
2063;592;176
2064;588;171
2065;583;170
2066;590;174
2067;583;169
2068;583;169
2069;587;172
2070;584;169
2071;587;171
2072;595;161
2073;613;152
2074;613;152
2075;627;200
2076;634;192
2077;627;202
2078;627;201
2079;627;201
2080;649;183
2081;627;201
2082;743;151
2083;752;168
2084;752;168
2085;754;168
2086;754;170
2087;752;169
2088;752;169
2089;748;167
2090;751;206
2091;751;205
2092;762;136
2093;761;139
2094;761;139
2095;761;139
2096;761;139
2097;762;139
2098;764;131
2099;762;139
2100;706;178
2101;706;181
2102;706;183
2103;712;176
2104;708;168
2105;710;172
2106;708;169
2107;752;179
2108;748;180
2109;753;168
2110;754;170
2111;754;168
2112;754;170
2113;749;168
2114;749;168
2115;750;169
2116;751;169
2117;751;168
2118;754;168
2119;752;170
2120;750;168
2121;750;168
2122;756;173
2123;756;166
2124;749;170
2125;756;166
2126;756;172
2127;756;166
2128;756;167
2129;754;172
2130;748;168
2131;757;165
2132;755;166
2133;755;166
2134;756;166
2135;755;172
2136;755;172
2137;755;172
2138;748;170
2139;749;167
2140;748;170
2141;756;166
2142;756;172
2143;756;166
2144;757;165
2145;748;169
2146;557;62
2147;776;181
2148;777;181
2149;776;185
2150;778;184
2151;748;166
2152;745;165
2153;737;165
2154;743;165
2155;743;167
2156;744;168
2157;745;168
2158;737;164
2159;737;165
2160;744;168
2161;744;165
2162;748;167
2163;744;164
2164;745;164
2165;746;167
2166;737;165
2167;743;166
2168;743;167
2169;744;164
2170;744;165
2171;744;156
2172;744;156
2173;747;162
2174;743;156
2175;747;165
2176;748;165
2177;747;163
2178;747;162
2179;747;163
2180;747;162
2181;747;163
2182;743;151
2183;744;154
2184;736;154
2185;742;152
2186;729;153
2187;750;197
2188;747;194
2189;750;197
2190;803;177
2191;801;178
2192;802;178
2193;802;178
2194;803;177
2195;788;187
2196;800;141
2197;803;156
2198;575;204
2199;574;202
2200;573;203
2201;575;204
2202;561;218
2203;559;214
2204;548;218
2205;558;215
2206;558;227
2207;558;220
2208;678;185
2209;675;184
2210;669;185
2211;676;185
2212;679;185
2213;692;268
2214;694;259
2215;694;259
2216;694;261
2217;694;259
2218;694;259
2219;694;260
2220;694;260
2221;632;223
2222;558;174
2223;555;152
2224;545;182
2225;545;181
2226;559;114
2227;560;174
2228;568;181
2229;605;159
2230;564;186
2231;580;168
2232;747;168
2233;603;156
2234;645;208
2235;656;211
2236;718;219
2237;640;207
2238;717;229
2239;717;220
2240;719;227
2241;688;231
2242;686;223
2243;737;67
2244;728;75
2245;758;70
2246;756;65
2247;657;77
2248;754;104
2249;738;54
2250;750;238
2251;746;237
2252;797;193
2253;792;233
2254;744;241
2255;810;161
2256;771;235
2257;786;235
2258;759;91
2259;714;90
2260;714;90
2261;717;88
2262;721;90
2263;776;54
2264;739;58
2265;718;96
2266;710;94
2267;711;96
2268;713;98
2269;716;96
2270;737;113
2271;738;108
2272;737;107
2273;736;105
2274;737;113
2275;736;101
2276;741;101
2277;749;104
2278;749;104
2279;748;106
2280;745;107
2281;739;105
2282;737;104
2283;739;102
2284;738;101
2285;737;57
2286;740;59
2287;739;62
2288;739;65
2289;740;67
2290;741;68
2291;741;51
2292;739;66
2293;745;62
2294;729;86
2295;735;87
2296;727;89
2297;732;90
2298;728;89
2299;727;94
2300;730;83
2301;735;84
2302;735;84
2303;739;85
2304;739;86
2305;715;89
2306;724;73
2307;722;77
2308;723;74
2309;721;80
2310;721;83
2311;722;83
2312;688;71
2313;689;72
2314;691;71
2315;695;70
2316;695;69
2317;695;69
2318;695;68
2319;700;68
2320;700;69
2321;691;70
2322;692;70
2323;695;69
2324;691;70
2325;690;68
2326;695;67
2327;689;68
2328;693;84
2329;694;84
2330;695;84
2331;703;84
2332;703;84
2333;699;74
2334;699;73
2335;698;73
2336;693;73
2337;693;74
2338;692;74
2339;692;74
2340;692;76
2341;692;77
2342;694;77
2343;694;77
2344;695;83
2345;709;84
2346;703;84
2347;701;80
2348;699;80
2349;700;75
2350;697;75
2351;701;78
2352;695;85
2353;555;196
2354;554;195
2355;553;195
2356;552;195
2357;552;195
2358;552;196
2359;551;196
2360;550;196
2361;550;196
2362;549;196
2363;548;196
2364;548;195
2365;547;195
2366;546;195
2367;546;194
2368;546;194
2369;545;194
2370;545;193
2371;544;193
2372;542;193
2373;540;193
2374;537;192
2375;535;192
2376;534;192
2377;533;191
2378;533;190
2379;533;190
2380;533;190
2381;533;189
2382;533;189
2383;534;189
2384;534;188
2385;534;188
2386;535;188
2387;536;188
2388;768;270
2389;775;265
2390;770;258
2391;788;255
2392;683;254
2393;683;254
2394;583;245
2395;616;242
2396;746;238
2397;652;237
2398;770;235
2399;556;235
2400;769;234
2401;770;234
2402;687;222
2403;687;222
2404;686;219
2405;699;210
2406;785;208
2407;787;233
2408;787;233
2409;692;267
2410;675;266
2411;670;262
2412;660;259
2413;647;255
2414;647;254
2415;674;254
2416;608;249
2417;606;249
2418;644;245
2419;615;242
2420;576;241
2421;584;239
2422;643;239
2423;581;239
2424;642;238
2425;562;238
2426;652;237
2427;561;237
2428;688;235
2429;580;235
2430;580;235
2431;634;234
2432;691;234
2433;686;234
2434;692;233
2435;692;233
2436;695;232
2437;696;232
2438;695;232
2439;696;232
2440;548;231
2441;547;230
2442;689;230
2443;555;230
2444;692;227
2445;632;225
2446;534;223
2447;687;223
2448;627;221
2449;529;221
2450;534;219
2451;562;217
2452;557;215
2453;628;215
2454;629;215
2455;664;214
2456;622;213
2457;620;213
2458;691;212
2459;559;211
2460;672;209
2461;638;208
2462;638;207
2463;579;204
2464;548;203
2465;624;201
2466;619;201
2467;614;200
2468;627;200
2469;698;200
2470;607;200
2471;609;199
2472;623;198
2473;578;197
2474;579;197
2475;581;195
2476;582;195
2477;603;194
2478;601;194
2479;557;194
2480;585;193
2481;578;192
2482;578;192
2483;578;192
2484;583;190
2485;584;188
2486;594;187
2487;596;187
2488;678;185
2489;618;183
2490;617;183
2491;618;183
2492;611;179
2493;613;176
2494;574;175
2495;574;175
2496;615;174
2497;575;173
2498;584;171
2499;578;169
2500;595;162
2501;602;160
2502;616;158
2503;613;157
2504;617;155
2505;634;150
2506;762;253
2507;758;234
2508;757;234
2509;757;233
2510;763;231
2511;756;226
2512;722;219
2513;722;219
2514;748;217
2515;749;214
2516;712;208
2517;753;203
2518;753;203
2519;700;201
2520;718;201
2521;717;200
2522;709;187
2523;708;185
2524;749;168
2525;748;168
2526;746;167
2527;748;166
2528;743;156
2529;729;154
2530;736;154
2531;533;220
2532;736;99
2533;724;96
2534;728;85
2535;695;84
2536;550;71
2537;562;71
2538;453;65
2539;663;78
2540;730;97
2541;818;143
2542;761;108
2543;754;104
2544;750;102
2545;736;99
2546;724;95
2547;721;94
2548;719;94
2549;701;89
2550;696;87
2551;687;83
2552;683;81
2553;678;80
2554;675;80
2555;665;79
2556;660;78
2557;657;77
2558;653;75
2559;643;68
2560;637;66
2561;635;65
2562;629;63
2563;704;239
2564;703;239
2565;798;232
2566;786;210
2567;775;209
2568;711;147
2569;713;147
2570;712;148
2571;722;145
2572;722;147
2573;720;146
2574;721;147
2575;583;76
2576;569;77
2577;585;98
2578;592;81
2579;788;241
2580;785;234
2581;590;129
2582;590;130
2583;590;130
2584;588;131
2585;582;131
2586;589;130
2587;583;147
2588;585;144
2589;586;142
2590;586;141
2591;586;141
2592;585;139
2593;585;139
2594;585;154
2595;794;233
2596;798;233
2597;799;228
2598;787;255
2599;788;255
2600;553;101
2601;540;92
2602;561;90
2603;598;114
2604;791;244
2605;791;244
2606;777;182
2607;777;181
2608;761;175
2609;617;120
2610;627;119
2611;618;116
2612;643;116
2613;607;131
2614;608;131
2615;606;129
2616;605;125
2617;701;118
2618;716;101
2619;716;100
2620;786;84
2621;553;65
2622;632;240
2623;585;239
2624;555;229
2625;551;229
2626;563;229
2627;748;228
2628;584;110
2629;568;76
2630;582;73
2631;580;73
2632;543;92
2633;593;89
2634;591;80
2635;592;82
2636;582;75
2637;565;94
2638;566;94
2639;565;94
2640;565;93
2641;581;103
2642;582;102
2643;582;105
2644;557;129
2645;804;112
2646;808;116
2647;781;100
2648;782;101
2649;781;99
2650;783;94
2651;592;243
2652;590;243
2653;783;104
2654;783;106
2655;783;109
2656;783;105
2657;775;206
2658;777;205
2659;758;212
2660;753;217
2661;741;218
2662;741;218
2663;765;234
2664;763;233
2665;711;249
2666;712;250
2667;722;252
2668;559;128
2669;562;85
2670;563;85
2671;563;86
2672;562;84
2673;564;83
2674;546;81
2675;546;79
2676;547;75
2677;548;74
2678;550;72
2679;552;70
2680;553;69
2681;555;68
2682;802;3
2683;801;12
2684;801;21
2685;801;24
2686;498;73
2687;711;264
2688;712;258
2689;711;255
2690;711;253
2691;645;112
2692;645;113
2693;645;112
2694;647;111
2695;647;110
2696;649;110
2697;651;109
2698;654;110
2699;656;111
2700;658;112
2701;648;114
2702;649;114
2703;652;113
2704;654;113
2705;656;113
2706;657;113
2707;677;113
2708;679;112
2709;680;114
2710;644;114
2711;589;95
2712;652;143
2713;664;144
2714;664;111
2715;665;112
2716;666;115
2717;667;116
2718;666;113
2719;664;113
2720;664;113
2721;664;114
2722;663;114
2723;663;114
2724;664;115
2725;664;115
2726;664;115
2727;665;115
2728;665;115
2729;666;115
2730;679;125
2731;678;142
2732;678;144
2733;681;98
2734;679;97
2735;677;61
2736;800;141
2737;796;140
2738;795;140
2739;775;139
2740;774;139
2741;776;139
2742;775;139
2743;773;138
2744;773;137
2745;773;124
2746;774;123
2747;775;122
2748;776;122
2749;772;119
2750;774;120
2751;775;121
2752;776;121
2753;771;119
2754;772;118
2755;774;113
2756;777;102
2757;786;88
2758;786;86
2759;784;92
2760;796;47
2761;797;42
2762;682;53
2763;692;54
2764;701;55
2765;790;139
2766;788;138
2767;788;138
2768;788;122
2769;789;122
2770;787;122
2771;776;122
2772;787;138
2773;788;138
2774;789;138
2775;790;139
2776;790;139
2777;761;165
2778;588;52
2779;581;74
2780;605;65
2781;610;64
2782;619;60
2783;562;66
2784;563;66
2785;564;65
2786;565;64
2787;566;63
2788;567;62
2789;569;62
2790;571;61
2791;574;60
2792;577;60
2793;579;60
2794;582;61
2795;584;62
2796;572;60
2797;575;60
2798;570;61
2799;561;67
2800;583;61
2801;610;121
2802;605;122
2803;617;117
2804;667;75
2805;668;75
2806;663;77
2807;663;76
2808;552;101
2809;551;101
2810;551;101
2811;550;101
2812;552;106
2813;553;101
2814;561;115
2815;564;120
2816;563;119
2817;561;117
2818;560;117
2819;560;115
2820;566;119
2821;571;113
2822;597;114
2823;606;125
2824;611;151
2825;604;155
2826;619;167
2827;617;175
2828;617;174
2829;645;183
2830;643;184
2831;643;183
2832;644;184
2833;531;178
2834;540;181
2835;542;182
2836;543;182
2837;546;183
2838;551;184
2839;548;183
2840;547;183
2841;554;183
2842;564;175
2843;639;73
2844;661;74
2845;652;70
2846;650;69
2847;658;73
2848;655;72
2849;672;75
2850;676;74
2851;682;72
2852;717;68
2853;738;68
2854;741;70
2855;762;78
2856;761;82
2857;793;74
2858;786;84
2859;557;152
2860;566;153
2861;561;153
2862;580;154
2863;583;152
2864;582;155
2865;550;153
2866;546;134
2867;560;151
2868;575;104
2869;611;141
2870;612;145
2871;614;150
2872;611;152
2873;618;163
2874;600;155
2875;615;155
2876;608;154
2877;781;122
2878;781;119
2879;781;117
2880;781;117
2881;577;99
2882;665;75
2883;663;75
2884;686;71
2885;688;72
2886;588;117
2887;588;118
2888;588;119
2889;590;116
2890;590;117
2891;586;118
2892;582;121
2893;581;121
2894;788;140
2895;773;139
2896;609;237
2897;782;122
2898;790;120
2899;773;132
2900;775;138
2901;773;138
2902;774;122
2903;774;122
2904;774;123
2905;774;122
2906;646;130
2907;646;130
2908;647;131
2909;646;130
2910;646;129
2911;644;125
2912;647;131
2913;646;130
2914;681;153
2915;681;153
2916;680;152
2917;679;131
2918;679;117
2919;678;113
2920;673;109
2921;704;121
2922;703;123
2923;704;127
2924;720;164
2925;699;155
2926;699;153
2927;699;152
2928;699;152
2929;699;151
2930;699;150
2931;766;163
2932;748;167
2933;748;167
2934;726;71
2935;726;71
2936;716;67
2937;717;68
2938;718;69
2939;716;66
2940;714;62
2941;715;63
2942;715;62
2943;712;60
2944;711;60
2945;708;59
2946;707;59
2947;700;55
2948;684;53
2949;692;79
2950;693;81
2951;694;88
2952;696;95
2953;697;100
2954;698;102
2955;699;108
2956;715;103
2957;714;100
2958;714;100
2959;715;99
2960;718;109
2961;715;111
2962;707;117
2963;706;117
2964;705;118
2965;718;110
2966;754;92
2967;747;97
2968;750;97
2969;753;95
2970;748;106
2971;745;107
2972;580;74
2973;580;74
2974;538;80
2975;563;84
2976;563;83
2977;564;83
2978;563;84
2979;563;86
2980;563;85
2981;562;85
2982;544;81
2983;528;79
2984;527;79
2985;523;78
2986;533;79
2987;542;80
2988;607;65
2989;565;94
2990;564;95
2991;784;89
2992;783;92
2993;776;102
2994;775;105
2995;773;117
2996;773;118
2997;771;118
2998;773;119
2999;790;121
3000;789;122
3001;790;121
3002;790;102
3003;790;101
3004;791;102
3005;789;101
3006;791;100
3007;791;102
3008;792;101
3009;792;100
3010;793;100
3011;794;99
3012;796;98
3013;797;98
3014;798;98
3015;801;97
3016;792;100
3017;796;98
3018;800;97
3019;796;97
3020;796;97
3021;797;96
3022;792;101
3023;781;98
3024;782;101
3025;782;100
3026;781;100
3027;781;99
3028;775;106
3029;813;115
3030;637;172
3031;631;163
3032;631;163
3033;631;163
3034;631;162
3035;631;162
3036;629;163
3037;629;163
3038;629;163
3039;630;163
3040;630;163
3041;631;162
3042;630;162
3043;630;162
3044;630;162
3045;630;162
3046;630;164
3047;630;164
3048;631;163
3049;631;163
3050;635;170
3051;641;185
3052;560;147
3053;550;147
3054;549;146
3055;547;146
3056;547;147
3057;547;146
3058;577;228
3059;577;228
3060;552;184
3061;562;217
3062;563;217
3063;591;243
3064;583;98
3065;581;122
3066;583;123
3067;584;122
3068;588;118
3069;589;117
3070;612;114
3071;609;111
3072;611;113
3073;609;111
3074;800;27
3075;692;123
3076;691;124
3077;686;126
3078;687;126
3079;690;126
3080;684;126
3081;690;126
3082;584;108
3083;702;121
3084;700;120
3085;783;114
3086;678;115
3087;603;114
3088;606;123
3089;606;122
3090;612;111
3091;612;111
3092;613;107
3093;679;123
3094;669;123
3095;679;118
3096;676;118
3097;675;117
3098;672;117
3099;671;125
3100;665;125
3101;663;127
3102;666;126
3103;664;135
3104;667;134
3105;668;134
3106;669;132
3107;665;124
3108;664;123
3109;662;118
3110;661;118
3111;659;113
3112;655;141
3113;652;140
3114;651;140
3115;651;141
3116;650;139
3117;681;99
3118;587;117
3119;600;115
3120;608;93
3121;601;92
3122;610;93
3123;610;92
3124;632;95
3125;632;111
3126;630;109
3127;613;97
3128;614;94
3129;611;103
3130;614;93
3131;611;105
3132;616;97
3133;616;95
3134;617;94
3135;611;101
3136;611;101
3137;610;101
3138;610;101
3139;610;102
3140;610;102
3141;610;102
3142;611;102
3143;611;101
3144;610;102
3145;546;79
3146;561;69
3147;566;73
3148;565;72
3149;563;73
3150;557;83
3151;553;83
3152;551;83
3153;572;109
3154;570;109
3155;569;111
3156;562;107
3157;560;111
3158;560;110
3159;558;106
3160;559;104
3161;563;106
3162;563;111
3163;561;114
3164;555;109
3165;560;115
3166;595;68
3167;596;68
3168;596;67
3169;594;68
3170;595;63
3171;592;117
3172;599;115
3173;608;92
3174;601;91
