1;394;1939;
2;1939;9;
3;284;1;
4;1;2;
5;1;1546;
6;1546;1545;
7;1545;5;
8;5;1535;
9;1535;329;
10;11;333;
11;333;2123;
12;2123;334;
13;335;1666;
14;1666;1665;
15;1665;1664;
16;1664;304;
17;304;1667;
18;1667;303;
19;303;1668;
20;1668;21;
21;21;1663;
22;1663;17;
23;17;1856;
24;1856;14;
25;14;15;
26;1051;348;
27;348;1626;
28;1851;1848;
29;1848;1850;
30;1850;1849;
31;1849;1852;
32;1852;1912;
33;1912;81;
34;81;34;
35;34;2114;
36;2114;1911;
37;1911;2172;
38;2172;25;
39;25;306;
40;306;26;
41;26;2111;
42;2111;2181;
43;2181;1515;
44;1515;27;
45;27;1512;
46;1512;1507;
47;1507;28;
48;28;2104;
49;2104;2103;
50;2103;321;
51;78;77;
52;77;2153;
53;2153;2513;
54;2513;2512;
55;2512;45;
56;45;44;
57;44;43;
58;43;42;
59;87;2213;
60;2213;2201;
61;2201;2208;
62;2208;2214;
63;2214;41;
64;40;2600;
65;2600;2601;
66;2601;2282;
67;2282;38;
68;92;2321;
69;2321;179;
70;179;684;
71;684;2326;
72;2326;61;
73;61;2327;
74;2327;2044;
75;2044;62;
76;62;2331;
77;2331;1134;
78;627;279;
79;279;615;
80;615;611;
81;611;63;
82;54;55;
83;55;56;
84;56;57;
85;57;2038;
86;2038;185;
87;185;2332;
88;2332;1134;
89;1134;1968;
90;1968;634;
91;634;1970;
92;1970;637;
93;58;2318;
94;2318;2051;
95;2051;278;
96;278;627;
97;432;1795;
98;1795;431;
99;431;1069;
100;1069;1803;
101;79;2021;
102;2021;1807;
103;349;2247;
104;2247;486;
105;486;76;
106;89;851;
107;851;1023;
108;1023;1814;
109;1814;1932;
110;1932;494;
111;494;495;
112;495;503;
113;503;2357;
114;2357;90;
115;90;848;
116;848;847;
117;847;398;
118;398;82;
119;1027;1815;
120;1815;1028;
121;1028;1933;
122;1933;2280;
123;80;1064;
124;1064;91;
125;91;1062;
126;1062;1063;
127;1063;462;
128;462;1065;
129;1065;463;
130;463;189;
131;189;823;
132;823;849;
133;82;1947;
134;1947;852;
135;852;678;
136;678;2127;
137;2127;12;
138;12;683;
139;683;1940;
140;1940;971;
141;971;2134;
142;99;1652;
143;1652;1640;
144;1640;1639;
145;1639;98;
146;98;97;
147;97;1656;
148;1656;444;
149;444;440;
150;440;96;
151;96;443;
152;443;95;
153;95;1662;
154;1662;408;
155;408;335;
156;935;942;
157;942;2461;
158;2461;2516;
159;2516;107;
160;105;933;
161;933;936;
162;106;945;
163;945;2463;
164;2463;390;
165;390;929;
166;106;2489;
167;2489;2502;
168;2502;651;
169;651;2517;
170;2517;2518;
171;2518;675;
172;675;672;
173;109;1309;
174;1309;948;
175;948;1308;
176;1308;107;
177;107;1992;
178;1992;1321;
179;1321;1327;
180;1312;2347;
181;2347;110;
182;110;111;
183;111;2605;
184;2605;1337;
185;1337;1338;
186;1338;2004;
187;2004;468;
188;468;2294;
189;2294;2292;
190;2292;2602;
191;2602;40;
192;1339;2351;
193;2351;86;
194;86;282;
195;113;1332;
196;1332;2348;
197;2348;1871;
198;1871;109;
199;109;1873;
200;1873;1874;
201;1874;115;
202;115;1872;
203;1872;116;
204;116;672;
205;88;2293;
206;2293;2509;
207;2509;42;
208;42;40;
209;40;2284;
210;2284;41;
211;41;2167;
212;2167;32;
213;32;2166;
214;2166;1876;
215;1876;1877;
216;1877;1917;
217;1917;1918;
218;1918;1825;
219;1825;2283;
220;2283;29;
221;29;2336;
222;2336;2183;
223;2183;319;
224;120;2069;
225;2069;1002;
226;1002;1000;
227;1000;999;
228;999;1001;
229;1001;997;
230;997;998;
231;998;1003;
232;1003;122;
233;121;2070;
234;2070;1007;
235;1007;1006;
236;1006;1004;
237;1004;1005;
238;123;157;
239;157;124;
240;124;850;
241;850;1812;
242;1812;1994;
243;1994;82;
244;129;128;
245;128;1888;
246;1888;1887;
247;1887;1889;
248;1889;127;
249;127;552;
250;552;1984;
251;1984;483;
252;483;544;
253;321;2102;
254;2102;1913;
255;1913;543;
256;543;531;
257;531;2096;
258;2096;2095;
259;2095;2619;
260;2619;1910;
261;1910;2276;
262;2276;2243;
263;117;1310;
264;1310;1909;
265;1909;526;
266;526;2345;
267;2345;110;
268;110;2346;
269;2346;2297;
270;2297;467;
271;467;144;
272;144;2298;
273;2298;143;
274;143;2510;
275;2510;142;
276;142;2599;
277;2599;470;
278;33;30;
279;30;1827;
280;1827;2608;
281;2608;2248;
282;2248;29;
283;409;2313;
284;2313;407;
285;407;2314;
286;2314;406;
287;406;1045;
288;1045;403;
289;403;1552;
290;1552;402;
291;1652;2075;
292;2075;384;
293;384;1286;
294;1286;147;
295;147;1284;
296;1284;1287;
297;1287;146;
298;146;22;
299;332;344;
300;7;1410;
301;1410;6;
302;6;332;
303;152;2096;
304;2096;154;
305;154;1382;
306;1382;2295;
307;2295;153;
308;831;156;
309;156;263;
310;263;157;
311;775;170;
312;170;169;
313;169;168;
314;168;167;
315;167;166;
316;166;165;
317;165;164;
318;164;325;
319;325;163;
320;163;213;
321;213;162;
322;162;161;
323;161;160;
324;160;159;
325;159;220;
326;220;257;
327;257;158;
328;158;125;
329;696;1967;
330;1967;695;
331;695;564;
332;564;314;
333;314;171;
334;171;172;
335;172;1966;
336;1966;2580;
337;179;2508;
338;2508;180;
339;180;181;
340;181;1716;
341;1716;182;
342;182;230;
343;230;184;
344;184;1866;
345;1866;188;
346;188;707;
347;707;327;
348;327;183;
349;61;1432;
350;1432;2328;
351;2328;2054;
352;2054;633;
353;633;2324;
354;2324;2576;
355;2576;59;
356;2038;2039;
357;2039;1718;
358;1718;1719;
359;1719;186;
360;186;2042;
361;2042;187;
362;187;323;
363;323;638;
364;638;1863;
365;1863;2047;
366;2047;2048;
367;2048;188;
368;387;192;
369;192;99;
370;335;22;
371;22;305;
372;305;18;
373;225;226;
374;226;766;
375;766;763;
376;763;767;
377;767;776;
378;948;946;
379;946;947;
380;947;2474;
381;2474;2470;
382;2470;106;
383;2581;299;
384;299;129;
385;13;191;
386;2;193;
387;193;1831;
388;1831;1832;
389;194;1544;
390;1544;1822;
391;1822;1823;
392;1823;1541;
393;1541;195;
394;195;1542;
395;1542;19;
396;630;629;
397;629;628;
398;628;173;
399;173;174;
400;174;175;
401;175;631;
402;631;176;
403;176;177;
404;177;2034;
405;2034;178;
406;178;2036;
407;2036;56;
408;446;64;
409;196;625;
410;625;297;
411;190;1687;
412;1687;262;
413;262;349;
414;672;2519;
415;2519;668;
416;668;2511;
417;2511;378;
418;378;1365;
419;1365;1374;
420;1374;1375;
421;1375;1357;
422;1357;1359;
423;1359;1373;
424;1373;1362;
425;1362;515;
426;515;137;
427;137;2598;
428;2598;139;
429;4;3;
430;3;292;
431;292;1843;
432;1843;9;
433;9;992;
434;992;985;
435;985;6;
436;6;10;
437;10;2006;
438;2006;2005;
439;2005;12;
440;102;101;
441;58;2364;
442;2364;1969;
443;139;1699;
444;1699;2597;
445;2597;2386;
446;2386;397;
447;397;135;
448;135;370;
449;370;647;
450;647;649;
451;649;648;
452;648;2581;
453;20;413;
454;413;1548;
455;1548;1551;
456;1551;19;
457;19;1550;
458;1550;1549;
459;1549;1547;
460;1547;2;
461;423;202;
462;206;469;
463;469;2226;
464;2226;2227;
465;2227;2174;
466;2174;1296;
467;1296;1717;
468;11;210;
469;210;399;
470;399;1996;
471;1996;1995;
472;1995;398;
473;2269;2270;
474;2270;2232;
475;2232;2007;
476;2007;2625;
477;2625;1409;
478;1409;2578;
479;2578;2577;
480;825;824;
481;824;828;
482;828;837;
483;837;212;
484;837;845;
485;845;844;
486;844;843;
487;843;846;
488;846;215;
489;215;221;
490;221;216;
491;216;217;
492;217;264;
493;264;125;
494;218;219;
495;219;785;
496;813;222;
497;1087;1088;
498;1088;1089;
499;1089;753;
500;753;759;
501;759;762;
502;762;756;
503;756;760;
504;760;754;
505;754;755;
506;755;758;
507;758;1869;
508;1869;757;
509;757;761;
510;761;726;
511;736;234;
512;234;233;
513;233;232;
514;232;2012;
515;2012;2013;
516;2013;1858;
517;1858;293;
518;293;1096;
519;1096;1104;
520;1104;1103;
521;1103;1098;
522;1098;1097;
523;231;235;
524;235;809;
525;809;787;
526;91;1557;
527;1557;1556;
528;1556;1555;
529;1555;1558;
530;1558;460;
531;460;1061;
532;1061;2361;
533;2361;236;
534;236;801;
535;801;765;
536;765;805;
537;805;804;
538;804;806;
539;806;810;
540;810;807;
541;807;808;
542;808;809;
543;245;237;
544;237;400;
545;400;238;
546;238;239;
547;239;240;
548;240;1084;
549;1084;2359;
550;2359;1074;
551;1074;1082;
552;1082;2444;
553;2444;2443;
554;2443;1080;
555;1080;2442;
556;2442;1081;
557;1081;1083;
558;1083;1085;
559;1085;2441;
560;2441;1086;
561;1086;1087;
562;1087;231;
563;753;296;
564;296;1092;
565;1092;1091;
566;1091;1090;
567;1090;1794;
568;244;245;
569;702;701;
570;701;2033;
571;2033;2365;
572;2365;626;
573;626;2369;
574;2369;277;
575;277;2367;
576;2367;2037;
577;2037;253;
578;253;315;
579;315;254;
580;254;255;
581;255;2368;
582;2368;2116;
583;2116;256;
584;256;2366;
585;2366;2083;
586;2083;316;
587;257;2065;
588;2065;258;
589;258;259;
590;259;260;
591;260;1985;
592;1985;261;
593;573;601;
594;601;591;
595;591;587;
596;587;583;
597;583;622;
598;2581;2504;
599;2504;1680;
600;1680;1676;
601;1676;609;
602;269;270;
603;270;619;
604;619;271;
605;271;1452;
606;1452;272;
607;272;273;
608;273;275;
609;299;2086;
610;2086;578;
611;578;607;
612;1686;2550;
613;2550;2549;
614;2549;609;
615;281;290;
616;290;105;
617;387;1927;
618;1927;1928;
619;1928;80;
620;282;1379;
621;16;17;
622;17;1659;
623;1659;13;
624;1838;1842;
625;1842;1840;
626;1840;1841;
627;1841;1839;
628;1839;285;
629;285;292;
630;292;1532;
631;330;993;
632;993;2312;
633;2312;1531;
634;1531;1530;
635;37;1133;
636;1133;204;
637;204;1506;
638;1506;36;
639;36;1945;
640;1945;289;
641;289;1845;
642;1845;395;
643;395;1847;
644;1847;949;
645;1838;427;
646;427;1936;
647;1936;1844;
648;1844;291;
649;291;287;
650;287;1935;
651;1935;288;
652;288;1461;
653;1461;201;
654;201;1132;
655;1132;394;
656;394;155;
657;151;295;
658;295;477;
659;74;473;
660;473;472;
661;472;283;
662;283;1131;
663;1131;46;
664;46;47;
665;47;2015;
666;2015;48;
667;48;49;
668;49;1774;
669;1774;50;
670;50;452;
671;452;51;
672;51;52;
673;52;1740;
674;1740;1726;
675;1726;183;
676;183;53;
677;53;54;
678;2554;2551;
679;2551;2553;
680;2553;2552;
681;2552;2362;
682;2362;301;
683;297;2118;
684;2118;449;
685;449;190;
686;308;489;
687;489;307;
688;307;2072;
689;2072;1038;
690;1038;1040;
691;1040;1041;
692;1041;1039;
693;92;2506;
694;2506;326;
695;326;228;
696;228;229;
697;229;324;
698;324;225;
699;2383;312;
700;312;2380;
701;2380;2596;
702;2596;311;
703;311;139;
704;58;1430;
705;1430;1451;
706;1451;2320;
707;2320;94;
708;319;2335;
709;2335;2288;
710;2288;322;
711;155;1465;
712;1465;1941;
713;1941;1938;
714;1938;1501;
715;1501;37;
716;321;318;
717;318;1508;
718;1508;416;
719;416;2101;
720;2101;541;
721;541;2100;
722;2100;2338;
723;2338;1397;
724;750;709;
725;709;230;
726;212;214;
727;214;222;
728;222;224;
729;224;218;
730;218;705;
731;194;2074;
732;2074;2073;
733;2073;493;
734;493;1631;
735;1631;405;
736;149;342;
737;342;339;
738;334;2311;
739;2311;331;
740;331;1536;
741;1536;1538;
742;1538;1534;
743;1534;1537;
744;1537;1533;
745;1533;329;
746;670;2616;
747;2616;2260;
748;2260;2615;
749;2615;2617;
750;2617;1892;
751;1892;353;
752;352;1818;
753;1818;2522;
754;2522;1820;
755;1820;1821;
756;1821;351;
757;355;1895;
758;1895;1891;
759;1891;1819;
760;1819;2521;
761;20;414;
762;414;1616;
763;1616;415;
764;415;357;
765;357;1613;
766;1613;1617;
767;1617;1618;
768;1618;1608;
769;1608;358;
770;358;1614;
771;1614;1612;
772;1612;1609;
773;1609;1604;
774;1604;1605;
775;244;368;
776;368;367;
777;367;366;
778;366;365;
779;365;364;
780;364;363;
781;363;362;
782;362;361;
783;361;360;
784;360;359;
785;359;294;
786;294;1140;
787;1140;1136;
788;1136;1141;
789;1141;1142;
790;1142;1143;
791;1143;428;
792;428;1139;
793;1139;1138;
794;1138;1137;
795;1137;252;
796;370;371;
797;371;554;
798;554;1694;
799;1694;1698;
800;1698;1695;
801;1695;135;
802;138;373;
803;373;2302;
804;2302;2424;
805;2424;454;
806;454;2301;
807;2301;374;
808;374;2421;
809;2421;375;
810;375;2431;
811;2431;376;
812;376;2419;
813;667;2296;
814;2296;2614;
815;2614;84;
816;1379;2349;
817;2349;2352;
818;2352;528;
819;528;2225;
820;2225;2354;
821;2354;84;
822;84;529;
823;529;2353;
824;2353;2244;
825;2244;2090;
826;2090;206;
827;206;140;
828;667;2355;
829;2355;655;
830;655;654;
831;654;656;
832;656;2235;
833;2235;2237;
834;2237;2236;
835;870;863;
836;863;862;
837;862;2390;
838;2390;2389;
839;2389;2391;
840;411;412;
841;412;205;
842;339;346;
843;346;338;
844;338;1285;
845;1285;1651;
846;1651;1655;
847;1655;1654;
848;1654;1653;
849;1653;335;
850;201;1472;
851;1472;1470;
852;1470;1458;
853;1458;423;
854;423;1468;
855;1468;421;
856;421;951;
857;951;418;
858;418;155;
859;37;417;
860;417;950;
861;950;1499;
862;1499;419;
863;419;420;
864;420;1502;
865;1502;1505;
866;1505;204;
867;18;433;
868;433;1069;
869;18;1796;
870;1796;1797;
871;1797;432;
872;444;2078;
873;2078;437;
874;437;2031;
875;2031;439;
876;439;441;
877;441;442;
878;442;438;
879;447;445;
880;450;448;
881;448;2117;
882;2117;447;
883;64;1388;
884;458;457;
885;453;328;
886;328;2009;
887;2009;452;
888;1077;461;
889;461;459;
890;459;458;
891;456;455;
892;455;2011;
893;2011;453;
894;453;451;
895;451;242;
896;476;475;
897;475;474;
898;929;939;
899;939;930;
900;930;934;
901;934;476;
902;10;984;
903;984;11;
904;140;1383;
905;1383;141;
906;141;2243;
907;2243;2139;
908;2139;2141;
909;2141;8;
910;329;409;
911;93;1343;
912;1343;352;
913;409;1005;
914;409;1816;
915;1816;484;
916;484;194;
917;194;485;
918;485;1625;
919;1625;1611;
920;1619;490;
921;490;1620;
922;1620;410;
923;1611;1621;
924;1621;1622;
925;1622;1623;
926;1636;491;
927;491;492;
928;492;1634;
929;1634;1635;
930;1635;1637;
931;498;995;
932;995;996;
933;996;994;
934;994;495;
935;496;2067;
936;2067;2068;
937;2068;499;
938;499;2066;
939;2066;498;
940;494;497;
941;497;500;
942;500;496;
943;503;501;
944;501;504;
945;504;505;
946;505;2358;
947;2358;502;
948;502;120;
949;99;507;
950;507;1641;
951;1641;508;
952;532;2286;
953;2286;2285;
954;2285;24;
955;24;25;
956;25;1671;
957;1671;2113;
958;2113;1846;
959;1846;396;
960;396;471;
961;471;35;
962;83;2230;
963;2230;1529;
964;1529;1354;
965;1354;2342;
966;2342;85;
967;85;2344;
968;2344;87;
969;87;1340;
970;344;341;
971;341;150;
972;150;1602;
973;1602;149;
974;519;522;
975;522;526;
976;525;524;
977;524;521;
978;521;520;
979;520;1334;
980;1334;523;
981;523;527;
982;2100;2099;
983;2099;1401;
984;1401;2180;
985;2180;1400;
986;1400;1399;
987;534;2094;
988;2094;1824;
989;1824;539;
990;539;536;
991;536;1408;
992;1408;1405;
993;1405;1404;
994;1404;1407;
995;1407;1406;
996;205;537;
997;537;152;
998;530;2356;
999;2356;2584;
1000;2584;657;
1001;2090;2089;
1002;2089;1875;
1003;1875;545;
1004;545;549;
1005;549;955;
1006;955;953;
1007;953;954;
1008;136;2258;
1009;2258;2259;
1010;544;550;
1011;550;548;
1012;548;547;
1013;549;546;
1014;546;2239;
1015;2239;2273;
1016;2273;2238;
1017;559;1880;
1018;1880;1881;
1019;1881;558;
1020;558;1978;
1021;1978;553;
1022;371;555;
1023;555;1692;
1024;1692;1696;
1025;1696;1691;
1026;1691;1693;
1027;1693;557;
1028;557;2085;
1029;2085;1899;
1030;310;2610;
1031;2610;2381;
1032;2381;563;
1033;563;561;
1034;561;560;
1035;560;1901;
1036;1901;562;
1037;562;1900;
1038;1900;2084;
1039;265;2063;
1040;2063;274;
1041;622;1148;
1042;1148;1147;
1043;1147;1144;
1044;1144;1145;
1045;1145;1149;
1046;1149;1146;
1047;1146;621;
1048;621;269;
1049;269;570;
1050;570;581;
1051;581;2607;
1052;2607;1991;
1053;1991;1454;
1054;1454;1920;
1055;276;1971;
1056;1971;582;
1057;582;1972;
1058;1972;94;
1059;274;1979;
1060;1979;586;
1061;586;598;
1062;598;599;
1063;599;579;
1064;579;593;
1065;593;594;
1066;594;595;
1067;595;574;
1068;574;568;
1069;568;588;
1070;588;592;
1071;592;580;
1072;580;567;
1073;567;276;
1074;1120;1672;
1075;1672;610;
1076;265;603;
1077;603;606;
1078;606;602;
1079;602;604;
1080;605;585;
1081;585;302;
1082;302;265;
1083;607;605;
1084;580;613;
1085;613;616;
1086;616;618;
1087;618;617;
1088;617;614;
1089;614;612;
1090;612;620;
1091;397;1697;
1092;530;2261;
1093;2261;659;
1094;659;1950;
1095;672;379;
1096;379;665;
1097;665;2523;
1098;2523;670;
1099;670;676;
1100;676;661;
1101;661;674;
1102;674;671;
1103;671;2087;
1104;2087;673;
1105;673;669;
1106;669;663;
1107;663;662;
1108;662;664;
1109;664;666;
1110;666;389;
1111;389;660;
1112;660;952;
1113;952;667;
1114;2125;2505;
1115;2505;92;
1116;686;691;
1117;691;689;
1118;689;692;
1119;693;694;
1120;694;690;
1121;690;688;
1122;688;686;
1123;1969;696;
1124;696;704;
1125;704;703;
1126;703;699;
1127;699;698;
1128;698;697;
1129;697;700;
1130;700;702;
1131;225;714;
1132;714;710;
1133;710;713;
1134;709;2060;
1135;2060;708;
1136;708;712;
1137;712;711;
1138;713;723;
1139;723;722;
1140;722;881;
1141;881;721;
1142;721;716;
1143;716;744;
1144;744;743;
1145;743;741;
1146;741;727;
1147;727;752;
1148;752;745;
1149;745;740;
1150;740;730;
1151;730;746;
1152;746;749;
1153;749;750;
1154;727;748;
1155;748;732;
1156;732;728;
1157;728;738;
1158;738;747;
1159;747;719;
1160;719;739;
1161;739;731;
1162;731;729;
1163;729;737;
1164;737;715;
1165;715;735;
1166;735;733;
1167;733;726;
1168;726;742;
1169;742;725;
1170;725;880;
1171;880;736;
1172;723;717;
1173;717;751;
1174;751;734;
1175;734;724;
1176;724;718;
1177;718;720;
1178;720;746;
1179;235;768;
1180;768;764;
1181;783;774;
1182;774;227;
1183;227;223;
1184;223;393;
1185;393;811;
1186;811;814;
1187;814;813;
1188;813;812;
1189;812;815;
1190;815;816;
1191;816;819;
1192;819;817;
1193;817;822;
1194;822;821;
1195;821;820;
1196;820;818;
1197;818;823;
1198;787;779;
1199;779;792;
1200;792;795;
1201;795;770;
1202;770;769;
1203;769;784;
1204;784;227;
1205;787;798;
1206;773;780;
1207;780;786;
1208;786;785;
1209;785;800;
1210;800;783;
1211;783;777;
1212;777;802;
1213;802;799;
1214;799;803;
1215;803;794;
1216;794;796;
1217;796;789;
1218;789;788;
1219;788;798;
1220;798;778;
1221;778;790;
1222;790;793;
1223;793;781;
1224;781;782;
1225;782;776;
1226;776;772;
1227;772;797;
1228;797;791;
1229;791;775;
1230;775;771;
1231;771;773;
1232;825;832;
1233;832;830;
1234;830;89;
1235;828;840;
1236;840;836;
1237;836;834;
1238;834;839;
1239;839;829;
1240;829;831;
1241;837;826;
1242;826;838;
1243;838;841;
1244;841;833;
1245;833;835;
1246;835;831;
1247;849;211;
1248;211;1942;
1249;1942;89;
1250;310;853;
1251;853;2380;
1252;853;2382;
1253;854;2595;
1254;2595;139;
1255;131;855;
1256;855;2304;
1257;2304;132;
1258;132;2370;
1259;2370;133;
1260;133;391;
1261;391;2305;
1262;2305;134;
1263;134;2306;
1264;2306;854;
1265;390;859;
1266;859;866;
1267;866;867;
1268;867;868;
1269;868;860;
1270;860;865;
1271;865;858;
1272;858;869;
1273;869;864;
1274;864;138;
1275;138;870;
1276;392;874;
1277;874;875;
1278;875;877;
1279;877;876;
1280;876;879;
1281;879;878;
1282;878;873;
1283;108;882;
1284;882;896;
1285;896;888;
1286;888;901;
1287;901;887;
1288;887;889;
1289;889;890;
1290;890;892;
1291;892;885;
1292;885;883;
1293;883;895;
1294;895;884;
1295;884;900;
1296;900;925;
1297;925;2477;
1298;2477;908;
1299;908;911;
1300;911;917;
1301;917;916;
1302;916;918;
1303;918;910;
1304;910;924;
1305;924;906;
1306;906;913;
1307;913;907;
1308;907;922;
1309;922;923;
1310;923;921;
1311;921;915;
1312;915;2495;
1313;2495;1369;
1314;1369;1367;
1315;1367;1362;
1316;910;909;
1317;909;886;
1318;886;2496;
1319;2496;893;
1320;893;1363;
1321;1363;1375;
1322;917;2479;
1323;2479;920;
1324;920;2498;
1325;2498;1368;
1326;1368;2478;
1327;2478;1365;
1328;906;919;
1329;919;898;
1330;898;2500;
1331;2500;1360;
1332;1360;1371;
1333;1371;1359;
1334;924;914;
1335;914;891;
1336;891;2497;
1337;2497;897;
1338;897;1366;
1339;1366;1370;
1340;1370;1357;
1341;918;912;
1342;912;894;
1343;894;2501;
1344;2501;899;
1345;899;1364;
1346;1364;1372;
1347;1372;1374;
1348;903;2484;
1349;2484;902;
1350;913;905;
1351;905;904;
1352;904;2499;
1353;2499;1361;
1354;1361;1358;
1355;1358;1373;
1356;929;940;
1357;940;931;
1358;931;927;
1359;927;938;
1360;938;932;
1361;932;928;
1362;928;937;
1363;937;936;
1364;936;935;
1365;945;943;
1366;943;944;
1367;944;941;
1368;960;970;
1369;970;964;
1370;964;968;
1371;968;2307;
1372;2307;966;
1373;966;967;
1374;967;965;
1375;965;963;
1376;976;975;
1377;975;974;
1378;974;978;
1379;978;2308;
1380;2308;981;
1381;981;982;
1382;982;973;
1383;973;972;
1384;8;2309;
1385;2309;7;
1386;1005;122;
1387;122;11;
1388;332;991;
1389;991;330;
1390;330;334;
1391;992;989;
1392;989;990;
1393;990;988;
1394;988;986;
1395;986;987;
1396;987;2001;
1397;2001;1817;
1398;1817;991;
1399;120;121;
1400;121;1010;
1401;1010;1011;
1402;1011;1008;
1403;1008;1031;
1404;1031;1540;
1405;1540;1539;
1406;1539;1009;
1407;1010;1021;
1408;1021;1029;
1409;1029;1030;
1410;1030;1015;
1411;1015;1013;
1412;1013;1016;
1413;1016;1034;
1414;1034;1018;
1415;1018;1019;
1416;1019;1017;
1417;1017;1009;
1418;1009;1025;
1419;1025;1012;
1420;1012;402;
1421;1028;1020;
1422;1020;1993;
1423;1993;1026;
1424;1026;1035;
1425;1035;1033;
1426;1033;1014;
1427;1014;1022;
1428;1022;1023;
1429;89;1024;
1430;1024;1032;
1431;1032;1027;
1432;1037;1036;
1433;1044;2315;
1434;2315;1056;
1435;1056;1058;
1436;1058;1059;
1437;1059;1051;
1438;101;1054;
1439;1054;1046;
1440;1046;1048;
1441;307;2071;
1442;2071;1049;
1443;1049;1052;
1444;1052;1047;
1445;1047;1057;
1446;1051;1060;
1447;1060;1055;
1448;1055;1053;
1449;1053;102;
1450;1288;2023;
1451;2023;2025;
1452;2025;1161;
1453;1161;1066;
1454;1066;1071;
1455;1069;1999;
1456;1999;1067;
1457;1067;1072;
1458;1072;1073;
1459;1074;1076;
1460;1076;1078;
1461;1078;2360;
1462;2360;1077;
1463;1077;1075;
1464;1075;1079;
1465;1079;460;
1466;460;1559;
1467;1559;1553;
1468;1553;1554;
1469;1554;189;
1470;249;1100;
1471;1100;1101;
1472;1101;1095;
1473;1095;1097;
1474;1097;1105;
1475;1105;456;
1476;610;1107;
1477;1107;1108;
1478;1108;1116;
1479;1116;1113;
1480;1113;1114;
1481;1114;1110;
1482;1110;1111;
1483;1111;1117;
1484;1117;1115;
1485;1115;1109;
1486;1109;1112;
1487;1112;609;
1488;634;1123;
1489;1123;1125;
1490;1125;2043;
1491;2043;1124;
1492;1126;250;
1493;1798;1130;
1494;103;1987;
1495;1987;2169;
1496;2169;2168;
1497;2168;1980;
1498;1980;1974;
1499;1974;693;
1500;693;94;
1501;682;1377;
1502;1377;677;
1503;677;104;
1504;402;148;
1505;148;1042;
1506;1042;405;
1507;405;1044;
1508;1044;2316;
1509;2316;1050;
1510;1050;1043;
1511;1043;404;
1512;404;102;
1513;155;980;
1514;980;983;
1515;983;1934;
1516;1934;7;
1517;7;976;
1518;976;1946;
1519;1946;963;
1520;963;969;
1521;969;2134;
1522;2134;961;
1523;961;2135;
1524;2135;2121;
1525;2121;962;
1526;962;2136;
1527;2136;960;
1528;94;692;
1529;692;1426;
1530;1426;2322;
1531;2322;145;
1532;145;2323;
1533;2323;59;
1534;59;2050;
1535;2050;60;
1536;60;632;
1537;632;2317;
1538;2317;2279;
1539;1283;2018;
1540;2018;244;
1541;1283;2019;
1542;2019;245;
1543;1155;1157;
1544;1157;1158;
1545;1158;1156;
1546;1156;1153;
1547;1153;1150;
1548;1150;1159;
1549;1159;1151;
1550;1151;1152;
1551;1152;1154;
1552;1154;1160;
1553;1287;2030;
1554;2030;1160;
1555;1160;1162;
1556;1073;1183;
1557;1183;1070;
1558;1070;1071;
1559;1071;1166;
1560;1166;1172;
1561;1172;1164;
1562;1164;1163;
1563;1163;1174;
1564;1174;1173;
1565;1173;1170;
1566;1170;1171;
1567;1171;1169;
1568;1169;1167;
1569;1167;1165;
1570;1165;1168;
1571;1066;1175;
1572;1175;1176;
1573;1997;1998;
1574;1998;1180;
1575;1180;1179;
1576;1179;1178;
1577;1178;1181;
1578;1181;1177;
1579;1188;1185;
1580;1185;1189;
1581;1189;1186;
1582;1186;1190;
1583;1187;1188;
1584;1183;2028;
1585;1161;1191;
1586;1191;1221;
1587;1221;1182;
1588;1182;1187;
1589;1068;2024;
1590;2024;2026;
1591;2026;1202;
1592;1202;1216;
1593;1216;1199;
1594;1199;1192;
1595;1192;1214;
1596;1214;1217;
1597;1217;1203;
1598;1203;1198;
1599;1198;1208;
1600;1208;1215;
1601;1215;1195;
1602;1195;1212;
1603;1212;1193;
1604;1193;1210;
1605;1210;1209;
1606;1209;1211;
1607;1211;1205;
1608;1205;1201;
1609;1201;1200;
1610;1200;1206;
1611;1206;1194;
1612;1194;1213;
1613;1213;1196;
1614;1196;1207;
1615;1207;1197;
1616;1197;1204;
1617;1238;1224;
1618;1224;1225;
1619;1225;1244;
1620;1244;1243;
1621;1223;1235;
1622;1235;1240;
1623;1240;1238;
1624;1238;1234;
1625;1234;1236;
1626;1236;1241;
1627;1241;1226;
1628;1226;1218;
1629;1218;1231;
1630;1231;1221;
1631;1235;1239;
1632;1239;1229;
1633;1229;1233;
1634;1233;1230;
1635;1230;1222;
1636;1222;1219;
1637;1219;1227;
1638;1232;1223;
1639;1215;1242;
1640;1242;1237;
1641;1237;1220;
1642;1220;1228;
1643;1228;1232;
1644;1286;2000;
1645;2000;1264;
1646;1264;1262;
1647;1262;1266;
1648;1266;1249;
1649;1249;1275;
1650;1275;1248;
1651;1248;1263;
1652;1263;1255;
1653;1255;1247;
1654;1247;1254;
1655;1254;1252;
1656;1252;1251;
1657;1251;1260;
1658;1260;1245;
1659;1245;1269;
1660;1269;1258;
1661;1258;1256;
1662;1256;1253;
1663;1253;1259;
1664;1259;1271;
1665;1271;1261;
1666;1261;1265;
1667;1265;1268;
1668;1268;1250;
1669;1250;1267;
1670;1267;1270;
1671;1270;1257;
1672;1257;1246;
1673;1246;1273;
1674;1273;1282;
1675;1282;1274;
1676;1274;1279;
1677;1279;1277;
1678;1277;1281;
1679;1281;1276;
1680;1276;1280;
1681;1280;1272;
1682;1272;1278;
1683;1278;1275;
1684;79;1283;
1685;1860;1128;
1686;1128;251;
1687;251;241;
1688;241;1376;
1689;1376;456;
1690;456;243;
1691;243;1094;
1692;1094;2008;
1693;2008;242;
1694;242;2059;
1695;2059;1093;
1696;1093;1859;
1697;140;2310;
1698;2310;153;
1699;153;534;
1700;534;208;
1701;517;1298;
1702;1298;516;
1703;516;2299;
1704;2299;2300;
1705;2300;377;
1706;377;518;
1707;518;1291;
1708;1291;2439;
1709;2439;1303;
1710;1303;1301;
1711;1301;1302;
1712;1302;2448;
1713;2448;1300;
1714;2461;2460;
1715;2460;1305;
1716;1305;1306;
1717;1306;1304;
1718;1313;2219;
1719;2219;1323;
1720;1323;1315;
1721;1315;1314;
1722;1314;1317;
1723;1317;1326;
1724;1326;1312;
1725;1327;1324;
1726;1324;1318;
1727;1318;1320;
1728;1320;1311;
1729;1311;1312;
1730;1331;1328;
1731;1328;1329;
1732;1329;1330;
1733;1340;1341;
1734;1341;2088;
1735;2088;1338;
1736;1338;2603;
1737;2603;2604;
1738;2604;1342;
1739;1342;118;
1740;1897;1898;
1741;1898;354;
1742;354;356;
1743;356;1896;
1744;1896;653;
1745;653;1894;
1746;1894;1893;
1747;1893;2252;
1748;2252;652;
1749;652;355;
1750;355;2268;
1751;1353;1351;
1752;1351;1350;
1753;1350;1352;
1754;1356;1349;
1755;1349;2092;
1756;2092;1354;
1757;1355;1356;
1758;1352;1355;
1759;1377;2222;
1760;2222;2223;
1761;2223;1378;
1762;207;208;
1763;1383;1385;
1764;1385;2091;
1765;2091;1384;
1766;1392;1389;
1767;1389;1391;
1768;1391;1390;
1769;1396;1395;
1770;1395;1394;
1771;1394;1393;
1772;1399;1398;
1773;2300;2440;
1774;2440;2434;
1775;2434;2433;
1776;2433;1908;
1777;705;706;
1778;706;213;
1779;205;1943;
1780;58;1415;
1781;1415;1412;
1782;1412;1413;
1783;1413;1416;
1784;1416;487;
1785;487;1417;
1786;1417;1414;
1787;1414;1411;
1788;1411;1418;
1789;1418;58;
1790;1430;1424;
1791;1424;1427;
1792;1427;2319;
1793;2319;1428;
1794;1428;1422;
1795;1422;1423;
1796;1423;1426;
1797;1433;1431;
1798;1431;633;
1799;61;1437;
1800;1437;2325;
1801;2325;1450;
1802;1450;1443;
1803;1443;1449;
1804;1449;1447;
1805;1447;2333;
1806;2333;184;
1807;1447;2053;
1808;2053;1438;
1809;1438;1445;
1810;1445;1448;
1811;1448;1446;
1812;1446;1442;
1813;1442;1436;
1814;1436;2052;
1815;2052;1449;
1816;1443;2058;
1817;2058;1439;
1818;1439;1444;
1819;1444;1441;
1820;1441;1440;
1821;1440;2056;
1822;2056;1450;
1823;425;1457;
1824;1457;1460;
1825;1460;1459;
1826;1459;1462;
1827;1462;1461;
1828;426;1456;
1829;1456;1463;
1830;1463;1462;
1831;1462;201;
1832;1455;1456;
1833;418;1467;
1834;1467;1471;
1835;1471;1465;
1836;37;1943;
1837;1943;1948;
1838;1948;320;
1839;320;321;
1840;202;1466;
1841;1466;1473;
1842;1473;424;
1843;424;203;
1844;203;1469;
1845;1469;422;
1846;422;1464;
1847;1464;420;
1848;1485;1492;
1849;1492;1487;
1850;1487;1491;
1851;1491;1493;
1852;1493;1484;
1853;1484;1475;
1854;1475;1478;
1855;1478;1490;
1856;1498;1497;
1857;1497;1495;
1858;1495;1483;
1859;1483;1474;
1860;1474;1479;
1861;1479;1489;
1862;1490;1486;
1863;1486;1494;
1864;1494;1496;
1865;1496;1482;
1866;1482;1488;
1867;1488;1480;
1868;1480;1477;
1869;1477;1476;
1870;1476;1481;
1871;1481;1498;
1872;1501;1500;
1873;1500;1504;
1874;1504;1503;
1875;1503;417;
1876;1512;1509;
1877;1509;1511;
1878;1511;1513;
1879;1513;1510;
1880;1510;1514;
1881;2196;2192;
1882;2192;2187;
1883;2187;2191;
1884;2191;1518;
1885;1518;1519;
1886;1519;1517;
1887;1517;1520;
1888;1520;2186;
1889;2186;2194;
1890;2194;2195;
1891;2195;2190;
1892;2190;2189;
1893;2189;2188;
1894;2188;2193;
1895;1529;2093;
1896;2093;1522;
1897;1522;1526;
1898;1526;2185;
1899;2002;1521;
1900;1521;2105;
1901;2105;1876;
1902;1877;2106;
1903;2106;1525;
1904;1525;1524;
1905;1526;1527;
1906;1527;1523;
1907;83;2228;
1908;2228;209;
1909;209;1381;
1910;1381;2606;
1911;2606;84;
1912;1530;286;
1913;1532;1834;
1914;1834;286;
1915;286;1833;
1916;1833;284;
1917;195;2077;
1918;2077;2076;
1919;2076;1543;
1920;1836;1835;
1921;1835;1837;
1922;1581;1566;
1923;1566;1595;
1924;1595;1563;
1925;1563;1048;
1926;2080;2079;
1927;2079;1561;
1928;1561;1575;
1929;1575;1593;
1930;1593;1567;
1931;1575;1590;
1932;1590;1588;
1933;1588;1577;
1934;1577;1564;
1935;1564;1596;
1936;1596;1568;
1937;1568;1570;
1938;1570;1601;
1939;1601;1580;
1940;1580;1594;
1941;1594;1579;
1942;1579;1584;
1943;1584;1560;
1944;1571;1576;
1945;1576;1585;
1946;1585;1562;
1947;1562;1589;
1948;1589;1569;
1949;1569;1582;
1950;1582;1600;
1951;1600;1589;
1952;1578;1597;
1953;1597;1571;
1954;1576;1573;
1955;1573;1574;
1956;1574;1586;
1957;1586;1572;
1958;1572;1592;
1959;1592;1583;
1960;1583;1598;
1961;1598;1565;
1962;1565;1585;
1963;1566;1599;
1964;1599;1587;
1965;1587;1591;
1966;1581;1578;
1967;1626;1624;
1968;1624;1611;
1969;410;1627;
1970;1627;1626;
1971;1042;1631;
1972;1631;1630;
1973;1630;1632;
1974;1632;1629;
1975;1629;1633;
1976;1611;1615;
1977;1615;20;
1978;191;1645;
1979;1645;1647;
1980;1647;200;
1981;200;1642;
1982;1642;2080;
1983;2080;1646;
1984;1646;508;
1985;508;98;
1986;1642;1644;
1987;1644;1643;
1988;1648;1650;
1989;1649;1648;
1990;149;382;
1991;382;345;
1992;345;347;
1993;347;343;
1994;343;336;
1995;336;340;
1996;340;337;
1997;337;151;
1998;1659;1661;
1999;1661;1657;
2000;1657;2082;
2001;2082;1660;
2002;1660;2081;
2003;2081;1658;
2004;1662;1663;
2005;1669;1670;
2006;1686;1684;
2007;1684;1681;
2008;1681;1685;
2009;1685;1679;
2010;1679;1677;
2011;1677;1680;
2012;301;1403;
2013;1403;1683;
2014;1683;1678;
2015;1678;1682;
2016;1682;1686;
2017;573;585;
2018;63;577;
2019;577;572;
2020;572;596;
2021;596;316;
2022;316;446;
2023;446;65;
2024;65;2611;
2025;2611;309;
2026;309;872;
2027;872;2423;
2028;2423;66;
2029;66;2422;
2030;2422;372;
2031;372;1294;
2032;1294;67;
2033;67;68;
2034;68;69;
2035;69;70;
2036;70;1295;
2037;1295;71;
2038;71;1965;
2039;1965;72;
2040;72;1964;
2041;1964;1963;
2042;1963;73;
2043;73;2520;
2044;1690;1689;
2045;1689;1700;
2046;1700;1701;
2047;1701;556;
2048;2388;2387;
2049;2387;1707;
2050;1707;1706;
2051;1706;1702;
2052;1702;1704;
2053;1704;1713;
2054;1713;1712;
2055;1712;1709;
2056;1709;1710;
2057;1710;1904;
2058;208;2097;
2059;2097;2339;
2060;2339;1397;
2061;207;2179;
2062;2179;2229;
2063;1717;207;
2064;1740;2049;
2065;2049;1121;
2066;1121;1721;
2067;1721;1725;
2068;1722;1744;
2069;1744;1759;
2070;1759;2046;
2071;2046;1726;
2072;1722;1725;
2073;1725;1749;
2074;1749;1742;
2075;1742;1727;
2076;1727;1738;
2077;1738;1745;
2078;1745;1723;
2079;1723;1743;
2080;1743;1729;
2081;1729;1741;
2082;1741;1739;
2083;1739;1754;
2084;1754;1720;
2085;1720;1750;
2086;1750;1751;
2087;1751;1728;
2088;1728;1753;
2089;1753;1724;
2090;1724;1737;
2091;1737;1755;
2092;1755;1752;
2093;1752;1756;
2094;1756;1735;
2095;1735;1730;
2096;1730;1758;
2097;1758;1747;
2098;1747;1748;
2099;1748;1733;
2100;1733;1731;
2101;1731;1736;
2102;1736;1732;
2103;1732;1734;
2104;1734;1746;
2105;1746;1757;
2106;1757;1722;
2107;1786;1782;
2108;1782;1769;
2109;1769;1779;
2110;1779;1770;
2111;1770;1776;
2112;1776;1914;
2113;1914;1781;
2114;1781;1777;
2115;1777;1787;
2116;1787;1788;
2117;1788;1783;
2118;1783;1780;
2119;1780;1762;
2120;1762;1761;
2121;1761;1772;
2122;1772;1778;
2123;1778;1773;
2124;1773;1765;
2125;1765;1766;
2126;1766;1767;
2127;1767;1775;
2128;1775;1771;
2129;1771;1768;
2130;1768;1781;
2131;1767;1785;
2132;1785;1763;
2133;1763;1784;
2134;1784;1764;
2135;1764;1760;
2136;1760;1786;
2137;1786;1122;
2138;1122;2010;
2139;2010;1774;
2140;1793;1135;
2141;250;1127;
2142;1127;1865;
2143;1865;1867;
2144;1867;1862;
2145;1862;1861;
2146;1861;1870;
2147;1870;1868;
2148;1868;1864;
2149;1864;435;
2150;435;434;
2151;434;1106;
2152;1106;1102;
2153;1102;2014;
2154;2014;1857;
2155;1857;1099;
2156;1099;249;
2157;119;2017;
2158;2017;1799;
2159;1799;1800;
2160;1800;2020;
2161;2020;79;
2162;31;2170;
2163;2170;32;
2164;32;2197;
2165;2197;2210;
2166;2210;2202;
2167;2202;2341;
2168;2341;85;
2169;85;2343;
2170;2343;1396;
2171;1396;1390;
2172;1390;2350;
2173;2350;86;
2174;1325;2220;
2175;2220;2221;
2176;2221;1316;
2177;1316;2218;
2178;2218;1307;
2179;1803;388;
2180;388;1997;
2181;1997;386;
2182;386;2029;
2183;2029;380;
2184;380;385;
2185;385;381;
2186;381;2027;
2187;2027;383;
2188;383;1802;
2189;1802;1810;
2190;1810;1805;
2191;1805;1808;
2192;1808;1809;
2193;1809;2022;
2194;2022;1807;
2195;101;488;
2196;488;100;
2197;100;1637;
2198;1637;1048;
2199;1048;1591;
2200;1591;1039;
2201;1039;1057;
2202;1057;1925;
2203;1925;387;
2204;1803;1804;
2205;1804;1930;
2206;1930;1806;
2207;1806;1929;
2208;1929;430;
2209;430;429;
2210;429;79;
2211;1807;1288;
2212;1288;1068;
2213;1068;1289;
2214;1289;1926;
2215;1926;80;
2216;39;2281;
2217;2281;2158;
2218;2158;2165;
2219;2165;2161;
2220;2161;2160;
2221;2160;2289;
2222;2289;41;
2223;2259;547;
2224;1825;2109;
2225;2109;2110;
2226;2110;1915;
2227;1915;1826;
2228;1830;1829;
2229;1829;1828;
2230;1853;2032;
2231;2032;1856;
2232;1854;1855;
2233;1855;1853;
2234;2385;480;
2235;480;481;
2236;481;478;
2237;478;2384;
2238;2384;479;
2239;479;873;
2240;873;137;
2241;2483;2480;
2242;2480;2481;
2243;2481;2482;
2244;1918;2108;
2245;2108;1916;
2246;1919;2107;
2247;2107;1917;
2248;12;1811;
2249;1811;1949;
2250;1949;681;
2251;681;680;
2252;680;679;
2253;679;2126;
2254;2126;682;
2255;1920;1922;
2256;1922;650;
2257;650;2128;
2258;2128;103;
2259;2133;1638;
2260;1638;2585;
2261;2585;2224;
2262;2224;2130;
2263;2130;2129;
2264;2129;1344;
2265;1344;1343;
2266;1923;1924;
2267;1924;1385;
2268;1950;658;
2269;658;2254;
2270;2254;2256;
2271;2256;2253;
2272;2253;2257;
2273;2257;540;
2274;1942;827;
2275;827;842;
2276;842;825;
2277;1950;1921;
2278;1921;1931;
2279;1931;93;
2280;1978;1977;
2281;1977;1976;
2282;1976;1975;
2283;1975;1981;
2284;1981;1982;
2285;1982;1983;
2286;1983;1986;
2287;1989;1988;
2288;2003;1297;
2289;2028;1184;
2290;1434;641;
2291;2057;1425;
2292;2040;640;
2293;2037;2035;
2294;2035;565;
2295;642;2040;
2296;2040;2041;
2297;2041;2562;
2298;2562;639;
2299;2055;2057;
2300;2057;1420;
2301;1435;2045;
2302;2045;646;
2303;2111;2112;
2304;2112;1485;
2305;2120;1790;
2306;2119;1789;
2307;1792;2119;
2308;2119;2120;
2309;2120;1791;
2310;6;2122;
2311;2122;2123;
2312;1920;93;
2313;129;2115;
2314;2115;623;
2315;623;2554;
2316;2554;1453;
2317;1453;1920;
2318;104;103;
2319;2133;2132;
2320;2132;2131;
2321;2131;2130;
2322;2139;2140;
2323;2140;2142;
2324;2142;506;
2325;506;2144;
2326;2144;2143;
2327;2143;2141;
2328;76;369;
2329;369;75;
2330;2152;2151;
2331;2151;2145;
2332;2146;2148;
2333;2148;2147;
2334;2147;450;
2335;2145;2150;
2336;2150;2149;
2337;2149;2246;
2338;2246;2146;
2339;2160;2159;
2340;2158;2164;
2341;2164;2162;
2342;2162;2156;
2343;2154;2161;
2344;2155;2163;
2345;2163;2157;
2346;2157;2165;
2347;2174;1380;
2348;1380;2173;
2349;2173;2175;
2350;2175;2176;
2351;2177;1717;
2352;2178;2179;
2353;1398;2098;
2354;2098;2097;
2355;2182;2624;
2356;2624;2181;
2357;2199;2198;
2358;2201;2199;
2359;2198;2200;
2360;2202;2204;
2361;2204;2203;
2362;2207;2205;
2363;2205;2208;
2364;2206;2207;
2365;2209;2212;
2366;2211;2210;
2367;2212;2211;
2368;1327;2515;
2369;2515;1325;
2370;1325;1322;
2371;1322;2514;
2372;2514;1319;
2373;1319;1313;
2374;1313;2215;
2375;2215;2216;
2376;2216;2217;
2377;2217;2218;
2378;280;1673;
2379;1673;1119;
2380;1119;1120;
2381;686;2061;
2382;2061;687;
2383;687;2125;
2384;1605;1628;
2385;1628;410;
2386;410;1606;
2387;1606;1607;
2388;1607;1610;
2389;1610;1603;
2390;1603;1611;
2391;261;685;
2392;125;123;
2393;322;2231;
2394;2231;83;
2395;29;2251;
2396;2251;2609;
2397;2609;1528;
2398;1528;83;
2399;1921;1345;
2400;1345;2133;
2401;432;477;
2402;197;510;
2403;510;509;
2404;509;198;
2405;198;2250;
2406;2250;317;
2407;317;2249;
2408;2249;514;
2409;514;511;
2410;511;512;
2411;512;513;
2412;513;199;
2413;1952;1959;
2414;1959;1962;
2415;1962;1961;
2416;1961;1958;
2417;1958;1960;
2418;2243;2618;
2419;2618;2275;
2420;2275;313;
2421;313;959;
2422;959;2613;
2423;2613;2240;
2424;2240;2242;
2425;2242;2612;
2426;2612;2241;
2427;2234;2233;
2428;544;126;
2429;126;1878;
2430;1878;1879;
2431;1879;436;
2432;436;1402;
2433;1402;136;
2434;2266;2265;
2435;2273;2272;
2436;2264;2262;
2437;2262;2263;
2438;1384;2274;
2439;2274;2621;
2440;2621;2622;
2441;2622;2620;
2442;2620;2277;
2443;2277;2623;
2444;2623;2619;
2445;2619;411;
2446;2279;636;
2447;636;2329;
2448;2329;635;
2449;635;637;
2450;2278;2279;
2451;2278;487;
2452;637;2330;
2453;2330;2278;
2454;2280;1017;
2455;960;2138;
2456;2138;1944;
2457;1944;972;
2458;972;1937;
2459;1937;8;
2460;8;979;
2461;979;1387;
2462;1387;1386;
2463;1386;977;
2464;977;37;
2465;319;2291;
2466;2291;532;
2467;532;2334;
2468;2334;2184;
2469;2184;23;
2470;23;2171;
2471;2171;2290;
2472;2290;542;
2473;1397;2337;
2474;2337;2340;
2475;2340;322;
2476;1397;1516;
2477;1516;2287;
2478;2287;532;
2479;2135;2583;
2480;2583;530;
2481;657;540;
2482;540;2236;
2483;2236;401;
2484;401;2269;
2485;2269;2137;
2486;2137;2271;
2487;2271;2241;
2488;2241;535;
2489;535;533;
2490;533;2233;
2491;2233;538;
2492;538;957;
2493;957;958;
2494;958;956;
2495;956;2245;
2496;2245;1923;
2497;1923;140;
2498;282;482;
2499;482;112;
2500;112;1336;
2501;1336;113;
2502;113;114;
2503;114;1335;
2504;1335;1333;
2505;1333;466;
2506;466;525;
2507;525;465;
2508;465;464;
2509;464;117;
2510;2553;2064;
2511;2064;1688;
2512;1688;569;
2513;569;573;
2514;685;2124;
2515;2124;2363;
2516;2363;2507;
2517;2507;2125;
2518;309;2375;
2519;2375;2371;
2520;2371;2373;
2521;2373;2374;
2522;2374;2372;
2523;2372;872;
2524;1708;1711;
2525;1711;311;
2526;1708;1703;
2527;1703;2378;
2528;2378;1705;
2529;1705;1904;
2530;1904;2379;
2531;2379;2377;
2532;2377;2376;
2533;2376;1708;
2534;130;1973;
2535;1973;1903;
2536;1903;1902;
2537;1902;392;
2538;392;515;
2539;2392;2395;
2540;2395;2394;
2541;2394;2393;
2542;2404;2412;
2543;2412;2403;
2544;2403;856;
2545;856;2400;
2546;2400;2401;
2547;2401;2398;
2548;2398;2399;
2549;2399;2396;
2550;2396;2397;
2551;2405;856;
2552;2407;2410;
2553;2410;2409;
2554;2408;2413;
2555;2413;2406;
2556;2413;2411;
2557;857;2414;
2558;2417;2418;
2559;2418;2415;
2560;2415;2416;
2561;2420;2421;
2562;454;2426;
2563;373;2432;
2564;2429;2425;
2565;2425;2427;
2566;2427;2428;
2567;2428;2430;
2568;1908;2445;
2569;2445;2555;
2570;1299;2451;
2571;2451;2447;
2572;2447;2450;
2573;2450;2446;
2574;2446;2453;
2575;2453;2449;
2576;2449;2452;
2577;2452;2448;
2578;1801;2458;
2579;2458;2456;
2580;2456;2455;
2581;2455;2457;
2582;2457;2459;
2583;2459;2454;
2584;2454;2455;
2585;2463;926;
2586;926;2464;
2587;2464;2462;
2588;2467;2468;
2589;2468;2465;
2590;2465;2469;
2591;2469;2466;
2592;2471;2472;
2593;2471;2470;
2594;2473;2474;
2595;2475;2476;
2596;2492;1906;
2597;1906;1907;
2598;1907;1905;
2599;1905;2488;
2600;2488;2492;
2601;2493;2491;
2602;2491;2494;
2603;2485;2486;
2604;2494;2485;
2605;2488;2493;
2606;2492;2487;
2607;2487;2490;
2608;2486;2489;
2609;2503;2502;
2610;106;902;
2611;902;2483;
2612;2483;108;
2613;108;2467;
2614;2467;2391;
2615;2391;130;
2616;547;559;
2617;559;1986;
2618;1986;1813;
2619;1813;378;
2620;2268;2586;
2621;2586;2255;
2622;2255;2254;
2623;870;861;
2624;861;2388;
2625;2388;2402;
2626;483;1990;
2627;1990;1886;
2628;1886;1882;
2629;1882;350;
2630;350;1884;
2631;1884;1890;
2632;1890;1883;
2633;1883;1885;
2634;1885;551;
2635;551;352;
2636;2528;2526;
2637;2526;2527;
2638;2527;2530;
2639;2530;2529;
2640;2529;2267;
2641;2525;2528;
2642;2524;2525;
2643;2535;2533;
2644;2533;2532;
2645;2532;2534;
2646;2530;2537;
2647;2537;2531;
2648;2537;2543;
2649;2543;2539;
2650;2539;2538;
2651;2538;2536;
2652;2536;2541;
2653;2541;2542;
2654;2540;2545;
2655;2545;2548;
2656;2548;2544;
2657;2544;2546;
2658;2548;2547;
2659;609;1348;
2660;1348;1347;
2661;1347;1346;
2662;1346;1675;
2663;1675;2062;
2664;2062;608;
2665;608;1674;
2666;1674;266;
2667;266;1715;
2668;1715;267;
2669;267;590;
2670;590;576;
2671;576;589;
2672;589;597;
2673;597;571;
2674;571;575;
2675;575;584;
2676;584;268;
2677;268;298;
2678;298;600;
2679;600;566;
2680;566;1714;
2681;1714;300;
2682;300;1118;
2683;1118;280;
2684;1908;1293;
2685;1293;1292;
2686;1292;1290;
2687;1290;2436;
2688;2436;2435;
2689;2564;2565;
2690;2565;2557;
2691;2557;2562;
2692;2562;2563;
2693;645;2558;
2694;2561;2567;
2695;2567;2568;
2696;2568;2558;
2697;2558;2560;
2698;644;2564;
2699;2564;2566;
2700;2566;2559;
2701;643;2567;
2702;2556;2566;
2703;2574;2573;
2704;2575;2569;
2705;2569;2571;
2706;2571;1419;
2707;1421;2575;
2708;2575;2572;
2709;2572;2574;
2710;2574;1429;
2711;2571;2570;
2712;2323;2579;
2713;2581;624;
2714;2422;2582;
2715;2555;2438;
2716;2438;2437;
2717;2588;2596;
2718;2596;2587;
2719;2590;2595;
2720;2595;2589;
2721;2592;2598;
2722;2598;2591;
2723;2594;2597;
2724;2597;2593;
2725;1140;247;
2726;247;1129;
2727;1129;2016;
2728;2016;246;
2729;246;248;
2730;130;871;
2731;871;2303;
2732;2303;131;
2733;1951;1956;
2734;1956;1953;
2735;1953;1955;
2736;1955;1954;
2737;1954;1957;
2738;1957;1952;
