1;629;120
2;621;120
3;649;89
4;650;83
5;626;136
6;648;140
7;657;141
8;661;142
9;648;132
10;648;148
11;636;145
12;647;160
13;591;119
14;557;112
15;555;103
16;539;126
17;560;123
18;565;146
19;620;128
20;613;134
21;563;142
22;566;144
23;703;110
24;693;117
25;681;115
26;676;118
27;675;123
28;675;128
29;713;122
30;717;110
31;728;110
32;730;126
33;720;101
34;685;108
35;670;111
36;668;122
37;665;128
38;749;109
39;734;110
40;750;130
41;739;128
42;752;130
43;753;125
44;759;118
45;764;114
46;552;185
47;555;186
48;559;189
49;565;195
50;568;197
51;580;205
52;582;206
53;603;216
54;604;216
55;606;216
56;607;216
57;609;216
58;635;207
59;624;204
60;624;208
61;616;204
62;616;211
63;662;208
64;673;214
65;675;213
66;719;203
67;744;202
68;754;200
69;763;200
70;767;201
71;775;202
72;781;204
73;798;212
74;532;178
75;670;109
76;660;134
77;767;114
78;769;115
79;567;160
80;592;156
81;688;99
82;634;161
83;707;137
84;702;150
85;732;144
86;733;155
87;745;147
88;765;133
89;613;166
90;631;160
91;596;171
92;616;193
93;661;168
94;628;193
95;574;135
96;575;134
97;585;135
98;586;135
99;588;140
100;599;147
101;606;148
102;607;148
103;654;174
104;652;171
105;751;191
106;721;180
107;738;165
108;718;187
109;718;164
110;752;156
111;752;152
112;728;156
113;727;157
114;727;158
115;711;168
116;702;172
117;737;160
118;756;148
119;529;164
120;628;158
121;622;154
122;632;144
123;636;167
124;634;162
125;634;168
126;680;177
127;669;182
128;666;185
129;666;185
130;716;192
131;712;196
132;706;197
133;703;197
134;698;196
135;682;189
136;689;172
137;690;188
138;740;194
139;688;191
140;684;146
141;677;145
142;781;140
143;773;147
144;766;151
145;624;202
146;568;143
147;572;141
148;617;148
149;585;139
150;610;137
151;563;146
152;676;137
153;686;142
154;677;139
155;658;127
156;623;167
157;634;164
158;631;172
159;619;181
160;617;184
161;615;187
162;614;188
163;613;189
164;610;191
165;608;191
166;606;191
167;603;191
168;600;191
169;597;190
170;595;190
171;632;215
172;628;216
173;618;219
174;617;219
175;616;219
176;613;218
177;611;217
178;608;217
179;616;196
180;613;197
181;611;197
182;606;199
183;595;212
184;601;204
185;614;214
186;606;214
187;604;213
188;598;208
189;600;172
190;668;197
191;593;128
192;588;141
193;621;118
194;617;140
195;619;135
196;681;238
197;680;104
198;690;115
199;785;132
200;592;129
201;657;122
202;659;122
203;666;122
204;668;123
205;671;132
206;689;147
207;694;139
208;689;137
209;706;140
210;634;150
211;612;166
212;614;171
213;614;189
214;614;174
215;618;172
216;620;171
217;626;170
218;610;187
219;604;187
220;624;177
221;619;172
222;613;178
223;596;182
224;610;185
225;600;196
226;598;195
227;595;185
228;612;193
229;608;194
230;604;202
231;585;187
232;574;194
233;581;196
234;582;197
235;586;187
236;594;177
237;580;159
238;583;159
239;583;160
240;585;167
241;559;187
242;578;201
243;568;195
244;567;164
245;574;160
246;555;177
247;553;176
248;559;178
249;570;190
250;567;181
251;557;186
252;533;172
253;655;215
254;659;215
255;664;214
256;668;213
257;627;176
258;629;177
259;631;178
260;632;179
261;634;180
262;665;180
263;626;166
264;627;170
265;655;188
266;662;190
267;664;193
268;657;203
269;658;176
270;655;176
271;653;176
272;651;177
273;651;178
274;650;186
275;651;179
276;633;194
277;650;216
278;639;205
279;653;207
280;648;196
281;759;230
282;729;156
283;548;183
284;638;120
285;658;115
286;640;119
287;659;119
288;658;121
289;666;117
290;756;213
291;661;116
292;649;117
293;570;193
294;550;174
295;555;145
296;584;187
297;669;201
298;655;203
299;666;187
300;651;202
301;661;185
302;657;188
303;564;143
304;565;143
305;565;145
306;676;118
307;595;148
308;593;153
309;681;211
310;697;199
311;688;192
312;686;197
313;675;148
314;634;215
315;656;215
316;670;212
317;707;120
318;676;128
319;707;120
320;673;129
321;675;128
322;700;135
323;602;211
324;602;196
325;611;190
326;614;193
327;595;211
328;571;198
329;625;137
330;640;137
331;628;136
332;647;140
333;638;140
334;638;137
335;567;143
336;567;144
337;565;146
338;571;141
339;581;139
340;566;145
341;639;138
342;583;139
343;568;143
344;640;138
345;573;142
346;571;141
347;570;142
348;608;145
349;663;173
350;675;174
351;683;170
352;663;168
353;688;163
354;682;161
355;669;161
356;679;161
357;612;132
358;608;132
359;551;173
360;551;172
361;551;171
362;552;170
363;553;169
364;553;169
365;555;168
366;559;167
367;564;165
368;566;164
369;661;130
370;679;188
371;677;192
372;731;203
373;740;194
374;737;196
375;733;195
376;731;195
377;753;191
378;696;179
379;700;171
380;566;152
381;567;157
382;583;140
383;567;158
384;586;139
385;567;155
386;566;151
387;590;148
388;565;150
389;700;160
390;746;188
391;701;197
392;692;187
393;602;178
394;658;126
395;667;115
396;671;112
397;683;189
398;633;161
399;634;160
400;582;159
401;667;158
402;617;148
403;619;148
404;608;148
405;616;148
406;620;147
407;623;143
408;568;142
409;624;141
410;609;137
411;674;135
412;672;133
413;615;132
414;613;133
415;613;133
416;679;129
417;665;127
418;658;126
419;666;124
420;666;124
421;659;123
422;666;123
423;658;123
424;660;121
425;655;121
426;655;120
427;661;115
428;543;174
429;567;160
430;567;159
431;564;147
432;562;146
433;564;147
434;570;185
435;570;184
436;685;175
437;576;133
438;571;133
439;574;132
440;576;134
441;574;132
442;573;132
443;574;134
444;577;134
445;681;238
446;673;213
447;669;202
448;669;201
449;669;201
450;668;197
451;576;201
452;570;199
453;571;198
454;739;195
455;566;194
456;566;193
457;594;175
458;593;175
459;591;174
460;595;175
461;589;174
462;597;172
463;599;172
464;730;159
465;729;159
466;728;159
467;764;152
468;752;147
469;689;147
470;784;138
471;670;111
472;543;181
473;536;179
474;758;230
475;755;214
476;750;191
477;553;145
478;698;190
479;695;189
480;701;191
481;698;190
482;728;156
483;676;179
484;620;140
485;612;139
486;657;155
487;627;209
488;604;148
489;594;151
490;608;137
491;599;147
492;599;147
493;616;147
494;619;163
495;627;161
496;623;161
497;619;163
498;624;161
499;624;160
500;623;161
501;628;160
502;628;159
503;627;161
504;628;160
505;628;160
506;667;142
507;588;139
508;589;137
509;686;113
510;682;109
511;767;126
512;777;125
513;782;129
514;755;131
515;691;187
516;756;191
517;761;191
518;753;190
519;738;159
520;735;159
521;735;159
522;740;159
523;735;159
524;730;159
525;729;159
526;741;159
527;735;158
528;705;151
529;702;150
530;661;160
531;676;137
532;699;119
533;675;153
534;688;138
535;674;153
536;684;138
537;672;134
538;679;152
539;686;137
540;664;159
541;688;131
542;710;98
543;676;132
544;678;178
545;689;150
546;688;151
547;691;177
548;688;177
549;689;151
550;680;178
551;675;171
552;671;180
553;683;187
554;679;193
555;675;192
556;673;200
557;673;192
558;684;186
559;693;178
560;690;202
561;692;202
562;686;203
563;695;200
564;635;215
565;651;217
566;652;204
567;633;193
568;638;190
569;658;186
570;660;173
571;661;200
572;666;209
573;658;187
574;638;190
575;659;202
576;664;196
577;664;209
578;661;187
579;644;189
580;634;192
581;660;172
582;630;194
583;656;181
584;658;203
585;658;187
586;648;187
587;656;183
588;637;191
589;663;199
590;665;194
591;657;184
592;635;192
593;641;189
594;640;189
595;638;190
596;667;210
597;662;200
598;646;188
599;645;188
600;652;204
601;657;185
602;650;191
603;653;189
604;648;192
605;659;187
606;652;190
607;660;187
608;662;190
609;659;190
610;651;193
611;657;208
612;637;196
613;635;193
614;637;196
615;654;207
616;636;194
617;637;195
618;636;194
619;654;176
620;639;197
621;658;178
622;656;180
623;665;183
624;667;189
625;673;212
626;643;217
627;641;205
628;619;219
629;620;218
630;622;218
631;614;219
632;624;209
633;622;204
634;617;213
635;623;210
636;624;210
637;623;211
638;600;209
639;609;213
640;609;213
641;615;208
642;609;213
643;608;211
644;607;212
645;609;212
646;615;210
647;667;188
648;667;188
649;667;188
650;658;171
651;701;173
652;670;161
653;677;160
654;667;159
655;668;159
656;667;159
657;664;160
658;662;161
659;661;160
660;700;159
661;696;165
662;700;161
663;700;161
664;700;160
665;696;166
666;700;160
667;699;159
668;699;173
669;699;161
670;696;166
671;697;164
672;700;173
673;698;163
674;696;165
675;700;173
676;696;165
677;651;170
678;645;160
679;647;164
680;647;163
681;647;163
682;649;167
683;648;160
684;616;203
685;623;187
686;627;193
687;623;192
688;627;193
689;628;193
690;628;193
691;627;193
692;628;194
693;629;192
694;628;193
695;637;215
696;638;215
697;638;217
698;639;217
699;639;217
700;638;217
701;640;217
702;638;217
703;639;217
704;639;217
705;610;187
706;611;188
707;597;209
708;599;201
709;599;201
710;597;196
711;596;205
712;597;204
713;594;196
714;598;196
715;591;199
716;593;197
717;593;196
718;593;199
719;591;198
720;593;199
721;593;197
722;593;196
723;593;196
724;593;198
725;589;199
726;589;199
727;592;198
728;592;198
729;591;199
730;593;199
731;591;198
732;592;198
733;589;199
734;593;198
735;591;199
736;588;199
737;591;199
738;592;198
739;591;198
740;593;198
741;592;198
742;589;199
743;592;197
744;592;197
745;593;198
746;593;199
747;592;198
748;592;198
749;594;199
750;594;199
751;593;196
752;592;198
753;584;188
754;583;193
755;584;194
756;581;192
757;586;196
758;585;195
759;581;191
760;583;193
761;587;197
762;581;191
763;595;194
764;585;189
765;587;186
766;596;194
767;595;193
768;585;189
769;592;189
770;592;189
771;594;189
772;594;191
773;595;188
774;595;185
775;594;189
776;594;191
777;594;186
778;593;190
779;591;189
780;595;187
781;594;191
782;594;191
783;595;186
784;594;186
785;595;186
786;595;186
787;591;189
788;592;189
789;592;189
790;593;190
791;594;189
792;591;189
793;594;191
794;592;189
795;592;189
796;592;189
797;595;190
798;592;189
799;594;186
800;595;186
801;591;181
802;594;186
803;594;186
804;587;187
805;587;187
806;587;187
807;587;187
808;587;187
809;587;188
810;587;187
811;604;176
812;604;176
813;604;176
814;604;176
815;604;175
816;604;175
817;601;173
818;601;172
819;604;175
820;601;172
821;601;172
822;601;172
823;602;171
824;613;168
825;613;167
826;615;170
827;613;166
828;614;168
829;615;169
830;613;166
831;616;169
832;613;166
833;615;169
834;615;169
835;615;169
836;614;169
837;614;171
838;615;170
839;615;169
840;614;169
841;615;169
842;613;166
843;615;171
844;615;171
845;615;171
846;615;171
847;632;160
848;631;160
849;603;171
850;634;162
851;615;165
852;636;161
853;692;196
854;694;195
855;710;196
856;729;194
857;725;197
858;748;193
859;747;189
860;749;192
861;725;194
862;722;192
863;727;193
864;747;193
865;749;192
866;747;190
867;748;190
868;748;191
869;748;193
870;730;193
871;715;193
872;699;207
873;692;188
874;692;187
875;692;187
876;692;187
877;692;187
878;692;188
879;692;188
880;588;199
881;593;196
882;717;187
883;700;184
884;700;183
885;701;184
886;699;182
887;712;186
888;713;186
889;712;186
890;712;186
891;699;182
892;712;186
893;695;180
894;699;181
895;700;183
896;713;186
897;695;181
898;699;182
899;696;180
900;701;181
901;712;186
902;719;184
903;713;182
904;698;183
905;699;183
906;699;182
907;699;183
908;701;181
909;700;182
910;700;182
911;701;181
912;700;181
913;699;183
914;699;182
915;698;183
916;700;181
917;701;181
918;700;181
919;699;182
920;700;181
921;698;183
922;699;183
923;699;183
924;700;182
925;701;181
926;736;186
927;749;189
928;749;188
929;747;189
930;749;190
931;748;189
932;749;189
933;751;189
934;750;190
935;750;188
936;750;188
937;750;188
938;749;189
939;748;189
940;748;189
941;730;179
942;743;175
943;728;179
944;729;179
945;727;182
946;727;168
947;727;168
948;727;167
949;667;114
950;666;124
951;659;123
952;700;159
953;691;152
954;693;153
955;690;152
956;681;151
957;680;152
958;680;152
959;674;150
960;658;153
961;655;160
962;657;158
963;655;153
964;657;152
965;655;152
966;656;152
967;656;152
968;657;152
969;654;158
970;658;153
971;653;160
972;659;150
973;658;150
974;656;151
975;656;150
976;655;149
977;664;130
978;657;151
979;662;137
980;658;129
981;657;151
982;658;151
983;658;136
984;647;148
985;648;138
986;647;138
987;647;139
988;648;138
989;648;138
990;648;138
991;646;139
992;648;137
993;640;137
994;625;161
995;624;161
996;624;161
997;631;144
998;631;144
999;631;144
1000;631;144
1001;631;144
1002;631;144
1003;632;144
1004;629;143
1005;629;143
1006;628;143
1007;628;143
1008;618;152
1009;617;150
1010;620;153
1011;619;152
1012;617;149
1013;618;152
1014;615;164
1015;618;152
1016;618;153
1017;616;154
1018;617;153
1019;617;153
1020;614;164
1021;619;153
1022;616;164
1023;616;164
1024;614;165
1025;617;149
1026;614;164
1027;614;165
1028;614;164
1029;619;153
1030;618;153
1031;618;151
1032;614;165
1033;615;164
1034;617;153
1035;615;164
1036;608;167
1037;607;167
1038;595;148
1039;595;148
1040;595;148
1041;595;148
1042;616;148
1043;609;148
1044;610;147
1045;619;148
1046;599;148
1047;594;148
1048;597;148
1049;595;148
1050;610;147
1051;608;146
1052;595;148
1053;608;148
1054;605;149
1055;608;147
1056;609;147
1057;594;148
1058;609;147
1059;608;146
1060;608;146
1061;595;175
1062;596;171
1063;596;172
1064;595;170
1065;598;172
1066;572;158
1067;566;150
1068;573;159
1069;564;148
1070;570;156
1071;570;157
1072;569;152
1073;569;153
1074;586;173
1075;589;174
1076;586;173
1077;589;174
1078;586;173
1079;591;174
1080;586;180
1081;586;181
1082;586;174
1083;586;183
1084;585;169
1085;585;185
1086;585;186
1087;585;187
1088;585;187
1089;584;187
1090;580;177
1091;582;182
1092;583;184
1093;580;203
1094;573;198
1095;568;191
1096;569;192
1097;568;192
1098;568;192
1099;570;189
1100;569;191
1101;569;191
1102;570;188
1103;569;192
1104;569;192
1105;566;193
1106;570;187
1107;652;193
1108;652;193
1109;655;191
1110;653;192
1111;653;192
1112;657;190
1113;652;193
1114;652;193
1115;653;191
1116;652;193
1117;653;192
1118;650;201
1119;648;196
1120;647;194
1121;585;208
1122;566;196
1123;617;212
1124;618;210
1125;618;212
1126;567;179
1127;571;181
1128;555;184
1129;555;177
1130;587;158
1131;551;184
1132;657;123
1133;668;124
1134;616;213
1135;560;178
1136;548;176
1137;535;172
1138;538;173
1139;540;173
1140;549;175
1141;548;176
1142;548;176
1143;547;176
1144;656;178
1145;656;178
1146;658;178
1147;656;178
1148;656;180
1149;657;178
1150;567;146
1151;566;146
1152;567;146
1153;567;147
1154;567;145
1155;568;147
1156;567;147
1157;568;147
1158;567;147
1159;566;146
1160;568;144
1161;572;158
1162;568;144
1163;569;156
1164;570;156
1165;568;155
1166;570;156
1167;568;155
1168;567;151
1169;568;155
1170;569;155
1171;568;155
1172;570;156
1173;569;155
1174;569;156
1175;569;158
1176;569;158
1177;568;151
1178;567;151
1179;566;150
1180;566;150
1181;567;151
1182;571;156
1183;569;154
1184;571;155
1185;570;154
1186;569;153
1187;570;155
1188;570;155
1189;570;153
1190;569;153
1191;572;157
1192;573;157
1193;575;156
1194;576;157
1195;575;156
1196;575;157
1197;574;157
1198;574;157
1199;573;158
1200;576;157
1201;576;157
1202;573;158
1203;574;157
1204;574;157
1205;576;156
1206;576;157
1207;574;157
1208;574;156
1209;576;156
1210;575;156
1211;576;156
1212;575;156
1213;575;157
1214;573;157
1215;574;156
1216;573;158
1217;573;157
1218;571;156
1219;573;153
1220;574;156
1221;571;157
1222;572;154
1223;573;155
1224;572;155
1225;572;155
1226;571;155
1227;573;153
1228;574;155
1229;573;154
1230;572;154
1231;571;156
1232;574;155
1233;572;154
1234;572;155
1235;573;155
1236;572;155
1237;574;156
1238;572;155
1239;573;155
1240;573;155
1241;571;155
1242;574;156
1243;571;153
1244;572;154
1245;579;149
1246;583;148
1247;579;146
1248;577;144
1249;576;144
1250;584;154
1251;579;147
1252;579;146
1253;581;153
1254;579;146
1255;579;146
1256;581;153
1257;583;149
1258;580;151
1259;581;153
1260;579;148
1261;582;154
1262;575;143
1263;578;145
1264;575;142
1265;583;154
1266;576;143
1267;584;153
1268;584;154
1269;579;149
1270;585;153
1271;582;154
1272;577;144
1273;582;144
1274;582;144
1275;576;144
1276;578;144
1277;581;143
1278;577;144
1279;582;144
1280;577;144
1281;581;143
1282;582;144
1283;567;161
1284;570;142
1285;570;141
1286;575;141
1287;569;142
1288;572;159
1289;577;159
1290;753;194
1291;752;189
1292;753;194
1293;752;194
1294;735;203
1295;771;201
1296;693;141
1297;754;189
1298;760;191
1299;759;184
1300;753;187
1301;752;188
1302;752;188
1303;752;188
1304;742;169
1305;740;166
1306;741;166
1307;756;166
1308;728;167
1309;724;166
1310;738;160
1311;752;163
1312;753;163
1313;755;164
1314;753;163
1315;753;163
1316;754;164
1317;753;163
1318;752;164
1319;754;164
1320;752;163
1321;751;164
1322;753;164
1323;754;163
1324;752;164
1325;753;164
1326;753;163
1327;752;164
1328;734;156
1329;734;156
1330;736;156
1331;733;155
1332;727;158
1333;728;158
1334;735;159
1335;728;158
1336;727;157
1337;752;150
1338;752;149
1339;749;150
1340;749;148
1341;750;148
1342;753;149
1343;662;168
1344;663;168
1345;663;163
1346;659;191
1347;659;191
1348;659;190
1349;724;142
1350;723;146
1351;723;147
1352;723;144
1353;722;148
1354;724;141
1355;724;143
1356;724;142
1357;695;181
1358;694;182
1359;694;181
1360;695;181
1361;694;182
1362;694;182
1363;695;180
1364;696;180
1365;695;179
1366;695;181
1367;694;182
1368;696;179
1369;694;182
1370;695;181
1371;694;181
1372;695;180
1373;694;182
1374;695;180
1375;695;180
1376;563;191
1377;651;169
1378;653;169
1379;729;156
1380;691;145
1381;704;146
1382;678;140
1383;683;146
1384;678;145
1385;682;146
1386;664;132
1387;663;134
1388;678;229
1389;732;149
1390;732;149
1391;732;149
1392;732;149
1393;731;147
1394;732;147
1395;732;147
1396;732;147
1397;692;132
1398;689;134
1399;689;134
1400;689;133
1401;688;132
1402;686;174
1403;660;185
1404;680;138
1405;681;138
1406;679;135
1407;680;137
1408;683;138
1409;660;151
1410;656;141
1411;634;207
1412;634;207
1413;627;209
1414;627;209
1415;634;207
1416;627;209
1417;627;209
1418;635;207
1419;623;201
1420;620;204
1421;620;203
1422;627;195
1423;627;196
1424;629;195
1425;620;204
1426;627;196
1427;628;195
1428;628;195
1429;617;201
1430;629;196
1431;621;205
1432;616;204
1433;619;205
1434;615;207
1435;615;210
1436;606;205
1437;615;204
1438;603;205
1439;606;204
1440;609;204
1441;609;203
1442;606;206
1443;606;204
1444;608;202
1445;603;207
1446;606;207
1447;603;204
1448;605;207
1449;606;204
1450;609;204
1451;629;195
1452;652;177
1453;661;171
1454;661;170
1455;656;120
1456;657;121
1457;657;122
1458;658;122
1459;657;122
1460;657;122
1461;658;121
1462;657;122
1463;657;121
1464;666;123
1465;658;127
1466;659;122
1467;658;127
1468;659;123
1469;666;122
1470;658;122
1471;658;127
1472;657;122
1473;659;121
1474;672;120
1475;670;117
1476;672;118
1477;672;118
1478;670;117
1479;671;120
1480;672;117
1481;672;118
1482;672;117
1483;672;119
1484;670;117
1485;675;119
1486;671;117
1487;671;118
1488;672;117
1489;671;120
1490;671;117
1491;671;118
1492;671;118
1493;670;118
1494;671;117
1495;672;119
1496;671;117
1497;672;119
1498;672;119
1499;666;124
1500;665;128
1501;665;128
1502;667;124
1503;665;127
1504;665;128
1505;667;123
1506;668;122
1507;675;126
1508;678;128
1509;675;125
1510;674;126
1511;675;126
1512;675;125
1513;675;126
1514;674;126
1515;675;121
1516;692;131
1517;720;129
1518;720;129
1519;720;129
1520;720;129
1521;725;125
1522;721;140
1523;724;131
1524;725;127
1525;725;125
1526;723;135
1527;723;134
1528;707;136
1529;721;141
1530;640;121
1531;640;131
1532;642;119
1533;626;137
1534;626;136
1535;625;137
1536;628;136
1537;626;137
1538;627;136
1539;617;151
1540;617;151
1541;619;136
1542;620;131
1543;622;135
1544;618;139
1545;626;134
1546;626;133
1547;621;121
1548;618;131
1549;621;123
1550;620;126
1551;619;130
1552;618;148
1553;596;174
1554;600;172
1555;596;173
1556;596;173
1557;596;172
1558;596;174
1559;596;175
1560;595;128
1561;591;133
1562;596;140
1563;597;147
1564;596;132
1565;602;141
1566;597;147
1567;598;137
1568;596;131
1569;595;139
1570;596;131
1571;596;143
1572;602;142
1573;602;142
1574;602;142
1575;595;133
1576;596;142
1577;595;132
1578;597;146
1579;595;129
1580;596;129
1581;597;147
1582;594;139
1583;602;141
1584;595;129
1585;596;141
1586;602;142
1587;597;147
1588;595;132
1589;596;140
1590;595;132
1591;596;148
1592;602;141
1593;594;137
1594;595;129
1595;597;147
1596;596;132
1597;596;144
1598;602;141
1599;597;147
1600;594;140
1601;596;129
1602;591;138
1603;611;138
1604;607;132
1605;607;132
1606;609;138
1607;610;138
1608;610;131
1609;607;132
1610;610;138
1611;611;137
1612;607;132
1613;612;132
1614;608;132
1615;611;137
1616;613;133
1617;612;131
1618;611;131
1619;608;135
1620;609;137
1621;612;137
1622;612;137
1623;613;135
1624;610;139
1625;612;138
1626;609;140
1627;609;139
1628;609;137
1629;612;147
1630;616;147
1631;616;147
1632;615;147
1633;612;147
1634;599;147
1635;598;147
1636;602;147
1637;598;147
1638;663;163
1639;586;136
1640;587;136
1641;588;139
1642;591;130
1643;587;130
1644;587;130
1645;592;128
1646;589;136
1647;592;129
1648;580;138
1649;579;138
1650;580;136
1651;569;141
1652;587;139
1653;568;143
1654;568;142
1655;569;142
1656;584;135
1657;583;120
1658;584;124
1659;583;120
1660;583;120
1661;583;120
1662;572;136
1663;562;133
1664;565;143
1665;566;143
1666;566;143
1667;564;143
1668;564;143
1669;556;144
1670;557;137
1671;675;113
1672;648;194
1673;648;196
1674;662;190
1675;660;190
1676;659;190
1677;660;190
1678;659;186
1679;660;189
1680;660;190
1681;659;189
1682;659;187
1683;660;186
1684;659;189
1685;660;189
1686;659;189
1687;667;189
1688;659;185
1689;673;200
1690;673;204
1691;674;192
1692;674;192
1693;673;192
1694;679;193
1695;680;193
1696;674;192
1697;680;194
1698;679;193
1699;687;190
1700;673;200
1701;673;200
1702;710;197
1703;694;196
1704;708;198
1705;696;197
1706;711;197
1707;712;197
1708;694;195
1709;700;198
1710;698;197
1711;688;192
1712;703;198
1713;706;198
1714;651;204
1715;664;192
1716;607;199
1717;693;141
1718;610;214
1719;608;214
1720;577;207
1721;584;209
1722;584;210
1723;583;208
1724;594;214
1725;584;210
1726;586;208
1727;583;209
1728;577;207
1729;583;208
1730;600;216
1731;586;210
1732;585;210
1733;586;210
1734;585;210
1735;600;216
1736;586;210
1737;600;216
1738;583;209
1739;578;206
1740;585;208
1741;578;206
1742;583;209
1743;583;208
1744;585;209
1745;583;209
1746;585;210
1747;587;210
1748;586;210
1749;583;210
1750;577;207
1751;577;207
1752;600;216
1753;585;211
1754;577;206
1755;600;216
1756;600;216
1757;585;210
1758;590;211
1759;586;209
1760;563;199
1761;576;206
1762;576;205
1763;563;200
1764;563;199
1765;574;207
1766;574;207
1767;572;206
1768;572;205
1769;563;199
1770;563;199
1771;572;205
1772;576;206
1773;575;207
1774;566;196
1775;572;205
1776;568;202
1777;573;204
1778;575;207
1779;563;199
1780;576;205
1781;572;205
1782;563;199
1783;574;204
1784;563;199
1785;563;200
1786;563;199
1787;573;204
1788;573;204
1789;579;165
1790;579;165
1791;578;165
1792;580;165
1793;560;178
1794;579;175
1795;563;147
1796;564;146
1797;564;146
1798;590;157
1799;537;164
1800;546;163
1801;756;175
1802;567;158
1803;564;148
1804;565;151
1805;568;159
1806;566;157
1807;570;159
1808;569;159
1809;569;159
1810;568;159
1811;647;161
1812;634;162
1813;695;179
1814;616;164
1815;614;164
1816;624;141
1817;646;139
1818;665;168
1819;671;162
1820;669;169
1821;674;170
1822;618;138
1823;618;137
1824;687;138
1825;717;123
1826;720;115
1827;715;114
1828;581;115
1829;581;117
1830;581;119
1831;622;110
1832;622;109
1833;639;120
1834;640;119
1835;617;130
1836;615;128
1837;617;130
1838;661;113
1839;660;114
1840;661;114
1841;660;114
1842;661;114
1843;649;122
1844;661;116
1845;666;116
1846;672;112
1847;667;114
1848;689;93
1849;689;94
1850;689;93
1851;690;93
1852;689;94
1853;558;120
1854;556;120
1855;556;120
1856;559;120
1857;570;188
1858;571;193
1859;582;202
1860;552;184
1861;571;181
1862;571;181
1863;598;208
1864;571;182
1865;571;181
1866;599;207
1867;571;181
1868;571;182
1869;585;195
1870;571;181
1871;719;163
1872;707;170
1873;717;164
1874;713;167
1875;690;148
1876;725;125
1877;725;125
1878;682;176
1879;683;176
1880;691;179
1881;685;184
1882;675;176
1883;675;172
1884;675;173
1885;675;171
1886;675;176
1887;668;182
1888;667;184
1889;669;182
1890;675;172
1891;670;162
1892;690;163
1893;674;161
1894;676;160
1895;670;161
1896;678;160
1897;686;162
1898;684;162
1899;672;194
1900;684;204
1901;688;203
1902;706;189
1903;708;189
1904;696;197
1905;706;181
1906;706;184
1907;704;184
1908;752;194
1909;740;159
1910;676;144
1911;685;109
1912;688;97
1913;675;129
1914;570;203
1915;720;116
1916;724;124
1917;724;124
1918;724;124
1919;724;124
1920;661;169
1921;662;162
1922;660;170
1923;683;147
1924;683;146
1925;591;148
1926;591;157
1927;590;149
1928;592;155
1929;566;158
1930;565;151
1931;661;167
1932;618;164
1933;614;163
1934;657;140
1935;658;120
1936;661;115
1937;660;143
1938;664;128
1939;656;127
1940;652;160
1941;660;127
1942;612;166
1943;667;128
1944;658;152
1945;668;121
1946;655;151
1947;635;162
1948;669;128
1949;647;161
1950;662;162
1951;785;132
1952;707;120
1953;777;125
1954;755;130
1955;767;126
1956;782;129
1957;714;122
1958;682;109
1959;704;119
1960;680;104
1961;686;113
1962;690;115
1963;788;207
1964;782;205
1965;779;204
1966;625;216
1967;638;215
1968;617;213
1969;638;212
1970;622;211
1971;632;194
1972;628;193
1973;709;190
1974;632;190
1975;685;188
1976;684;187
1977;684;187
1978;683;187
1979;650;186
1980;638;186
1981;689;184
1982;690;183
1983;691;182
1984;671;180
1985;634;180
1986;695;178
1987;649;178
1988;563;177
1989;562;177
1990;675;176
1991;660;171
1992;740;165
1993;614;164
1994;634;162
1995;633;161
1996;634;160
1997;565;150
1998;566;150
1999;565;148
2000;575;141
2001;647;139
2002;725;127
2003;755;189
2004;752;148
2005;648;160
2006;648;159
2007;668;153
2008;575;200
2009;571;198
2010;566;196
2011;567;195
2012;574;194
2013;573;194
2014;570;188
2015;555;187
2016;555;177
2017;530;164
2018;567;161
2019;569;160
2020;565;160
2021;569;159
2022;569;159
2023;572;159
2024;573;159
2025;572;159
2026;573;159
2027;567;158
2028;570;154
2029;566;151
2030;569;142
2031;575;133
2032;559;120
2033;642;217
2034;608;217
2035;651;217
2036;608;216
2037;652;215
2038;611;215
2039;611;214
2040;609;213
2041;609;213
2042;604;213
2043;618;212
2044;616;210
2045;615;210
2046;586;208
2047;598;208
2048;598;208
2049;585;208
2050;624;207
2051;639;205
2052;606;205
2053;603;205
2054;620;204
2055;620;204
2056;609;204
2057;620;204
2058;606;204
2059;579;203
2060;599;201
2061;623;192
2062;660;190
2063;654;188
2064;659;185
2065;627;176
2066;624;161
2067;623;160
2068;623;160
2069;628;158
2070;622;154
2071;595;148
2072;595;148
2073;616;146
2074;617;144
2075;586;139
2076;620;135
2077;620;135
2078;576;133
2079;591;133
2080;590;133
2081;583;122
2082;583;120
2083;669;212
2084;683;204
2085;673;193
2086;666;187
2087;697;163
2088;751;149
2089;690;148
2090;690;147
2091;681;146
2092;724;142
2093;721;140
2094;688;138
2095;676;138
2096;676;138
2097;690;135
2098;690;135
2099;688;132
2100;688;131
2101;686;131
2102;675;129
2103;675;128
2104;675;128
2105;725;125
2106;725;125
2107;724;124
2108;724;124
2109;717;122
2110;717;122
2111;676;119
2112;675;119
2113;674;113
2114;685;109
2115;665;183
2116;668;213
2117;669;201
2118;669;201
2119;579;165
2120;579;165
2121;657;158
2122;647;141
2123;638;140
2124;622;190
2125;622;192
2126;649;166
2127;646;160
2128;655;173
2129;663;168
2130;663;167
2131;663;166
2132;663;163
2133;663;163
2134;653;160
2135;657;160
2136;658;156
2137;673;154
2138;658;152
2139;668;143
2140;668;143
2141;666;143
2142;668;143
2143;666;142
2144;666;142
2145;660;134
2146;663;173
2147;666;189
2148;664;180
2149;659;163
2150;656;155
2151;661;130
2152;670;109
2153;765;114
2154;739;125
2155;736;121
2156;736;120
2157;737;121
2158;737;120
2159;739;125
2160;738;125
2161;738;125
2162;737;120
2163;737;121
2164;737;120
2165;737;121
2166;729;125
2167;731;126
2168;648;178
2169;648;178
2170;729;117
2171;709;101
2172;682;113
2173;695;145
2174;691;144
2175;695;146
2176;692;145
2177;693;141
2178;695;138
2179;695;138
2180;688;133
2181;676;119
2182;676;119
2183;709;121
2184;702;113
2185;725;131
2186;720;130
2187;725;129
2188;725;130
2189;724;130
2190;721;131
2191;725;129
2192;725;129
2193;725;130
2194;720;130
2195;720;131
2196;725;129
2197;730;127
2198;740;139
2199;742;139
2200;739;139
2201;742;139
2202;731;137
2203;733;136
2204;732;137
2205;740;131
2206;737;132
2207;738;131
2208;740;131
2209;733;132
2210;730;132
2211;731;132
2212;733;132
2213;745;147
2214;740;129
2215;755;164
2216;754;164
2217;754;164
2218;754;165
2219;755;163
2220;753;164
2221;754;164
2222;651;169
2223;651;169
2224;663;166
2225;704;150
2226;689;147
2227;690;147
2228;706;139
2229;695;138
2230;708;137
2231;707;137
2232;671;153
2233;677;153
2234;677;154
2235;667;159
2236;666;158
2237;667;159
2238;687;154
2239;687;152
2240;673;153
2241;673;154
2242;673;153
2243;676;144
2244;691;148
2245;683;147
2246;662;170
2247;662;170
2248;713;121
2249;714;122
2250;705;119
2251;713;122
2252;671;161
2253;663;160
2254;662;161
2255;664;161
2256;663;160
2257;663;160
2258;692;173
2259;694;173
2260;695;166
2261;661;160
2262;670;172
2263;670;172
2264;670;172
2265;670;172
2266;670;172
2267;671;172
2268;669;161
2269;672;154
2270;672;154
2271;673;154
2272;686;152
2273;687;152
2274;676;145
2275;676;146
2276;676;144
2277;677;140
2278;625;210
2279;624;209
2280;616;156
2281;734;110
2282;749;110
2283;714;122
2284;740;128
2285;694;117
2286;697;118
2287;698;120
2288;700;134
2289;739;127
2290;710;99
2291;700;119
2292;751;142
2293;762;132
2294;751;144
2295;685;142
2296;699;158
2297;759;154
2298;772;147
2299;755;191
2300;754;191
2301;738;196
2302;740;195
2303;713;194
2304;708;197
2305;699;197
2306;696;196
2307;657;152
2308;657;151
2309;659;141
2310;684;145
2311;638;137
2312;640;137
2313;624;142
2314;620;147
2315;610;147
2316;610;147
2317;624;209
2318;636;206
2319;628;195
2320;628;194
2321;616;194
2322;626;199
2323;624;204
2324;623;204
2325;615;204
2326;616;204
2327;616;205
2328;617;204
2329;623;210
2330;624;210
2331;616;212
2332;615;213
2333;602;204
2334;699;118
2335;706;121
2336;712;122
2337;693;133
2338;690;132
2339;691;133
2340;698;134
2341;731;143
2342;731;143
2343;732;144
2344;744;147
2345;750;156
2346;753;156
2347;752;157
2348;727;159
2349;727;155
2350;733;154
2351;734;155
2352;714;153
2353;701;150
2354;703;150
2355;668;159
2356;662;160
2357;630;160
2358;628;159
2359;586;172
2360;587;173
2361;594;176
2362;661;184
2363;622;191
2364;638;211
2365;643;217
2366;669;213
2367;651;216
2368;665;214
2369;648;216
2370;705;197
2371;682;210
2372;696;207
2373;684;210
2374;692;208
2375;682;210
2376;694;195
2377;695;196
2378;695;196
2379;696;196
2380;687;193
2381;696;199
2382;687;197
2383;685;200
2384;695;189
2385;705;193
2386;684;189
2387;713;198
2388;714;198
2389;718;192
2390;720;192
2391;716;191
2392;710;201
2393;712;200
2394;710;201
2395;710;201
2396;712;200
2397;712;200
2398;720;197
2399;720;197
2400;724;196
2401;724;196
2402;709;200
2403;729;194
2404;731;193
2405;729;196
2406;733;194
2407;730;195
2408;733;195
2409;730;196
2410;730;195
2411;732;194
2412;729;194
2413;733;194
2414;725;198
2415;732;198
2416;730;196
2417;732;198
2418;732;198
2419;733;197
2420;735;197
2421;734;195
2422;726;203
2423;717;203
2424;739;195
2425;740;196
2426;739;196
2427;740;196
2428;740;196
2429;739;196
2430;740;198
2431;732;195
2432;740;194
2433;752;192
2434;752;191
2435;763;194
2436;756;194
2437;741;194
2438;742;194
2439;752;188
2440;752;191
2441;585;185
2442;586;180
2443;586;178
2444;586;176
2445;751;194
2446;754;186
2447;756;185
2448;753;187
2449;752;186
2450;755;185
2451;758;184
2452;753;187
2453;753;186
2454;749;177
2455;752;176
2456;752;176
2457;752;175
2458;756;175
2459;749;176
2460;740;166
2461;739;166
2462;731;191
2463;736;185
2464;732;191
2465;720;191
2466;721;189
2467;716;190
2468;717;191
2469;721;191
2470;725;172
2471;726;172
2472;727;172
2473;726;172
2474;725;171
2475;730;168
2476;730;167
2477;701;181
2478;696;179
2479;700;181
2480;717;186
2481;713;185
2482;713;183
2483;718;187
2484;719;184
2485;708;177
2486;708;177
2487;708;180
2488;706;181
2489;709;176
2490;712;182
2491;708;178
2492;707;181
2493;707;180
2494;708;178
2495;694;182
2496;695;180
2497;695;181
2498;696;179
2499;694;182
2500;695;181
2501;696;180
2502;708;176
2503;708;177
2504;665;189
2505;618;193
2506;615;193
2507;622;192
2508;616;196
2509;754;131
2510;780;141
2511;696;178
2512;764;114
2513;765;114
2514;754;164
2515;752;164
2516;738;166
2517;701;173
2518;701;173
2519;700;173
2520;811;218
2521;675;162
2522;665;168
2523;696;166
2524;672;174
2525;672;174
2526;672;173
2527;672;172
2528;672;173
2529;671;172
2530;672;172
2531;670;173
2532;670;173
2533;670;173
2534;669;173
2535;670;173
2536;672;175
2537;671;172
2538;672;175
2539;671;175
2540;671;176
2541;672;176
2542;671;176
2543;671;173
2544;670;173
2545;671;176
2546;669;173
2547;670;174
2548;671;174
2549;659;190
2550;659;189
2551;660;179
2552;661;184
2553;661;182
2554;664;179
2555;750;194
2556;607;211
2557;607;213
2558;609;212
2559;607;210
2560;611;212
2561;608;211
2562;609;213
2563;612;213
2564;607;212
2565;607;212
2566;607;211
2567;608;211
2568;608;212
2569;623;203
2570;622;198
2571;622;201
2572;618;203
2573;618;198
2574;618;201
2575;620;203
2576;623;204
2577;660;149
2578;660;151
2579;623;203
2580;624;217
2581;667;187
2582;726;203
2583;659;160
2584;662;160
2585;663;164
2586;666;161
2587;688;192
2588;687;192
2589;690;191
2590;689;192
2591;690;189
2592;689;189
2593;686;190
2594;686;189
2595;690;192
2596;687;192
2597;686;190
2598;689;189
2599;782;140
2600;750;120
2601;749;114
2602;751;136
2603;752;149
2604;752;149
2605;752;151
2606;703;149
2607;660;171
2608;713;121
2609;713;123
2610;697;199
2611;679;212
2612;673;153
2613;674;151
2614;702;151
2615;694;166
2616;695;166
2617;694;166
2618;676;145
2619;676;138
2620;676;144
2621;676;145
2622;676;144
2623;676;139
2624;676;119
2625;662;152
