1;775;2252;
2;2252;8;
3;572;1;
4;1;2;
5;1;1349;
6;1349;1348;
7;1348;5;
8;5;1338;
9;1338;674;
10;10;678;
11;678;2567;
12;2567;679;
13;15;19;
14;680;1493;
15;1493;1492;
16;1492;1491;
17;1491;608;
18;608;1494;
19;1494;607;
20;607;1495;
21;1495;34;
22;34;1490;
23;1490;18;
24;18;2212;
25;2212;14;
26;14;15;
27;13;2104;
28;2104;14;
29;14;16;
30;25;2900;
31;2900;584;
32;584;598;
33;598;593;
34;593;2772;
35;2772;589;
36;589;2773;
37;2773;2766;
38;2766;2767;
39;2767;592;
40;592;1010;
41;1010;1121;
42;1121;1122;
43;1122;864;
44;864;2769;
45;141;22;
46;22;2098;
47;2098;23;
48;24;2182;
49;2182;2082;
50;2082;575;
51;575;576;
52;576;20;
53;22;2921;
54;2921;2922;
55;15;797;
56;797;2915;
57;2915;2914;
58;2914;26;
59;36;854;
60;854;710;
61;1098;693;
62;693;1429;
63;862;2749;
64;2749;868;
65;868;2270;
66;2270;237;
67;237;1447;
68;1447;885;
69;885;1126;
70;1126;120;
71;120;119;
72;2898;423;
73;423;104;
74;3;2197;
75;2197;2255;
76;2255;38;
77;48;49;
78;49;50;
79;50;51;
80;51;769;
81;769;52;
82;52;53;
83;53;54;
84;54;55;
85;55;56;
86;46;2449;
87;2449;47;
88;47;2446;
89;2446;545;
90;545;2441;
91;2441;2440;
92;2440;546;
93;546;823;
94;823;48;
95;80;756;
96;756;2578;
97;84;2682;
98;2682;236;
99;236;2683;
100;2683;2684;
101;2684;2685;
102;2685;85;
103;85;3074;
104;3074;77;
105;77;81;
106;81;2761;
107;2761;2760;
108;2760;142;
109;142;616;
110;616;613;
111;613;298;
112;298;2620;
113;2620;2858;
114;2858;82;
115;580;2824;
116;2824;2872;
117;2872;935;
118;935;86;
119;89;2504;
120;2504;90;
121;795;1555;
122;1555;794;
123;794;1116;
124;1116;1931;
125;99;2434;
126;2434;1935;
127;704;3153;
128;3153;110;
129;110;1521;
130;1521;111;
131;111;128;
132;117;2644;
133;2644;116;
134;112;2668;
135;2668;116;
136;116;695;
137;695;3052;
138;3052;2867;
139;2867;88;
140;118;3124;
141;3124;149;
142;149;3123;
143;3123;1532;
144;1532;44;
145;74;1536;
146;1536;3174;
147;3174;3173;
148;3173;3122;
149;3122;3130;
150;3130;3134;
151;3134;579;
152;122;3065;
153;3065;126;
154;126;127;
155;128;744;
156;744;2820;
157;2820;198;
158;198;112;
159;112;1515;
160;1515;1519;
161;1519;117;
162;117;2866;
163;122;2893;
164;2893;125;
165;125;742;
166;742;124;
167;124;743;
168;743;2888;
169;2888;697;
170;115;122;
171;105;1019;
172;1019;1070;
173;1070;1950;
174;1950;2250;
175;2250;921;
176;921;922;
177;922;930;
178;930;2663;
179;2663;106;
180;106;1016;
181;1016;1015;
182;1015;776;
183;776;102;
184;1074;1951;
185;1951;1075;
186;1075;2251;
187;2251;2627;
188;100;1111;
189;1111;107;
190;107;1109;
191;1109;1110;
192;1110;818;
193;818;1112;
194;1112;819;
195;819;196;
196;196;990;
197;990;1017;
198;102;2256;
199;2256;1020;
200;1020;956;
201;956;2580;
202;2580;11;
203;11;961;
204;961;2253;
205;2253;1030;
206;1030;2595;
207;133;1479;
208;1479;1467;
209;1467;1466;
210;1466;132;
211;132;131;
212;131;1483;
213;1483;809;
214;809;805;
215;805;130;
216;130;808;
217;808;129;
218;129;1489;
219;1489;785;
220;785;680;
221;83;737;
222;737;2756;
223;2756;2993;
224;2993;350;
225;147;2846;
226;2846;262;
227;262;148;
228;148;146;
229;149;709;
230;709;139;
231;93;2461;
232;2461;151;
233;151;1957;
234;1957;157;
235;157;1955;
236;1955;156;
237;156;1956;
238;1956;2221;
239;2221;1632;
240;1632;2431;
241;2431;155;
242;155;1809;
243;1809;1805;
244;1805;1807;
245;1807;154;
246;154;153;
247;153;1806;
248;1806;824;
249;824;2424;
250;2424;822;
251;822;152;
252;159;2510;
253;2510;1049;
254;1049;1047;
255;1047;1046;
256;1046;1048;
257;1048;1044;
258;1044;1045;
259;1045;1050;
260;1050;161;
261;160;2511;
262;2511;1054;
263;1054;1053;
264;1053;1051;
265;1051;1052;
266;162;176;
267;176;163;
268;163;1018;
269;1018;1949;
270;1949;2398;
271;2398;102;
272;786;2659;
273;2659;784;
274;784;2660;
275;2660;783;
276;783;1092;
277;1092;780;
278;780;1355;
279;1355;779;
280;1479;2516;
281;2516;763;
282;763;1322;
283;1322;168;
284;168;1320;
285;1320;1323;
286;1323;167;
287;167;35;
288;677;689;
289;7;1329;
290;1329;6;
291;6;677;
292;47;673;
293;673;2531;
294;2531;2450;
295;2450;518;
296;518;2464;
297;2464;602;
298;602;2353;
299;2353;2479;
300;2479;2230;
301;2230;2228;
302;2228;1903;
303;1903;1911;
304;1911;191;
305;191;2499;
306;2499;244;
307;998;175;
308;175;475;
309;475;176;
310;968;189;
311;189;188;
312;188;187;
313;187;186;
314;186;185;
315;185;184;
316;184;183;
317;183;663;
318;663;182;
319;182;429;
320;429;181;
321;181;180;
322;180;179;
323;179;178;
324;178;435;
325;435;470;
326;174;194;
327;194;193;
328;193;2501;
329;2501;192;
330;604;721;
331;721;195;
332;195;2704;
333;2704;720;
334;720;2705;
335;2705;2706;
336;2706;375;
337;766;228;
338;228;133;
339;680;35;
340;35;609;
341;609;28;
342;56;57;
343;57;2416;
344;2416;58;
345;58;59;
346;59;60;
347;60;1649;
348;1649;78;
349;2640;2639;
350;2639;2989;
351;2989;2637;
352;2637;2990;
353;2990;936;
354;936;2600;
355;2600;2813;
356;2813;2808;
357;2808;2809;
358;2809;2810;
359;2810;2811;
360;36;379;
361;379;2916;
362;2916;26;
363;207;381;
364;381;380;
365;380;2612;
366;2612;206;
367;206;879;
368;879;2701;
369;2701;2702;
370;2702;286;
371;286;2703;
372;2703;195;
373;209;208;
374;212;213;
375;87;2863;
376;2863;2587;
377;2587;216;
378;216;696;
379;696;215;
380;215;2585;
381;2585;214;
382;579;606;
383;606;217;
384;219;2610;
385;2610;220;
386;220;221;
387;221;222;
388;222;223;
389;900;3146;
390;3146;899;
391;899;224;
392;2735;256;
393;256;2885;
394;2885;144;
395;144;145;
396;145;2949;
397;2949;2950;
398;2950;2328;
399;2328;2951;
400;2951;2952;
401;2952;2953;
402;2953;2954;
403;2954;120;
404;12;227;
405;616;617;
406;617;614;
407;614;669;
408;2;231;
409;231;2122;
410;2122;2142;
411;233;1347;
412;1347;2090;
413;2090;2091;
414;2091;1344;
415;1344;234;
416;234;1345;
417;1345;32;
418;613;2857;
419;2857;235;
420;235;103;
421;267;914;
422;4;2738;
423;2738;2737;
424;2737;595;
425;595;2196;
426;2196;2736;
427;2736;283;
428;283;284;
429;4;3;
430;3;577;
431;577;2195;
432;2195;8;
433;8;1039;
434;1039;1032;
435;1032;6;
436;6;9;
437;9;2408;
438;2408;2407;
439;2407;11;
440;2765;599;
441;599;2774;
442;2774;592;
443;140;729;
444;729;3084;
445;3084;141;
446;217;218;
447;218;219;
448;219;207;
449;217;207;
450;26;2732;
451;2732;799;
452;799;2731;
453;2731;29;
454;29;2917;
455;2917;2730;
456;2730;3093;
457;3093;3095;
458;3095;2918;
459;2918;140;
460;136;135;
461;350;2994;
462;2994;3028;
463;3028;2755;
464;2755;872;
465;872;2998;
466;2998;862;
467;118;582;
468;582;579;
469;33;788;
470;788;1351;
471;1351;1354;
472;1354;32;
473;32;1353;
474;1353;1352;
475;1352;1350;
476;1350;2;
477;1546;238;
478;238;239;
479;245;247;
480;247;1962;
481;1962;1960;
482;1960;1963;
483;1963;619;
484;1799;1808;
485;1808;2429;
486;2429;2430;
487;2430;248;
488;248;249;
489;249;494;
490;494;3059;
491;3059;3058;
492;3058;495;
493;245;2472;
494;2472;1970;
495;1970;1972;
496;1972;96;
497;96;2827;
498;2827;2828;
499;2828;97;
500;174;173;
501;173;2864;
502;2864;87;
503;256;2884;
504;2884;2851;
505;2851;257;
506;257;2850;
507;2850;611;
508;611;2849;
509;2849;258;
510;258;2805;
511;2805;2804;
512;2804;2882;
513;2882;259;
514;259;2883;
515;2883;2844;
516;2844;260;
517;260;2847;
518;2847;261;
519;261;2848;
520;2848;615;
521;615;2845;
522;2845;262;
523;265;264;
524;264;2247;
525;2247;263;
526;239;265;
527;147;266;
528;139;2843;
529;2843;266;
530;269;2532;
531;2532;268;
532;268;2248;
533;2248;267;
534;271;270;
535;273;272;
536;272;694;
537;694;271;
538;275;274;
539;274;278;
540;278;277;
541;277;276;
542;276;273;
543;862;2745;
544;83;288;
545;288;291;
546;291;289;
547;289;290;
548;290;1463;
549;1463;1464;
550;291;292;
551;292;293;
552;293;294;
553;294;295;
554;295;668;
555;668;667;
556;667;670;
557;670;669;
558;288;296;
559;296;297;
560;298;299;
561;299;302;
562;302;300;
563;300;303;
564;303;301;
565;302;304;
566;324;317;
567;317;2938;
568;2938;316;
569;316;2937;
570;2937;2852;
571;2852;2936;
572;2936;315;
573;315;2939;
574;2939;2941;
575;2941;2942;
576;2942;314;
577;314;2940;
578;2940;313;
579;313;2943;
580;2943;2944;
581;2944;312;
582;312;2945;
583;2945;2946;
584;2946;311;
585;311;310;
586;310;309;
587;309;2764;
588;2764;2947;
589;2947;308;
590;308;307;
591;307;2763;
592;2763;2948;
593;2948;2762;
594;2762;306;
595;306;305;
596;324;2244;
597;2244;323;
598;323;322;
599;322;2534;
600;2534;321;
601;321;320;
602;320;319;
603;319;393;
604;393;2265;
605;2265;392;
606;392;2959;
607;2959;399;
608;324;325;
609;325;2935;
610;2935;2934;
611;2934;318;
612;318;326;
613;339;338;
614;338;337;
615;337;336;
616;336;335;
617;335;334;
618;334;333;
619;333;332;
620;332;2263;
621;2263;331;
622;331;330;
623;330;329;
624;329;328;
625;328;327;
626;339;230;
627;230;340;
628;340;341;
629;341;2855;
630;2855;342;
631;342;2856;
632;2856;343;
633;343;344;
634;344;345;
635;345;1448;
636;339;351;
637;351;2245;
638;2245;352;
639;352;353;
640;367;715;
641;715;712;
642;604;372;
643;372;2697;
644;2697;371;
645;371;2696;
646;2696;370;
647;370;2695;
648;2695;2694;
649;2694;369;
650;369;2693;
651;2693;2691;
652;2691;2692;
653;2692;368;
654;368;2710;
655;2710;881;
656;881;879;
657;206;376;
658;376;377;
659;377;378;
660;378;2911;
661;2911;2910;
662;2910;2906;
663;2906;2907;
664;2907;2913;
665;2913;2909;
666;2909;2912;
667;2912;2908;
668;2908;3116;
669;3116;3115;
670;380;714;
671;381;382;
672;382;3125;
673;3125;383;
674;383;3126;
675;3126;384;
676;384;385;
677;385;386;
678;375;3111;
679;3111;2714;
680;2714;387;
681;387;388;
682;388;389;
683;389;390;
684;390;3086;
685;3086;140;
686;287;391;
687;391;2920;
688;2920;387;
689;393;394;
690;394;1446;
691;1446;2275;
692;2275;2284;
693;605;399;
694;346;897;
695;897;403;
696;403;1457;
697;1457;402;
698;402;405;
699;405;401;
700;401;400;
701;400;404;
702;404;403;
703;404;405;
704;419;418;
705;420;2757;
706;2757;2758;
707;2758;82;
708;421;419;
709;419;3024;
710;3024;2648;
711;2648;3025;
712;3025;2647;
713;2647;3026;
714;3026;2649;
715;2649;3027;
716;3027;422;
717;422;3023;
718;3023;736;
719;736;2650;
720;2650;2759;
721;2759;420;
722;10;426;
723;426;777;
724;777;2401;
725;2401;2400;
726;2400;776;
727;992;991;
728;991;995;
729;995;1004;
730;1004;428;
731;1004;1013;
732;1013;1012;
733;1012;1011;
734;1011;1014;
735;1014;431;
736;431;436;
737;436;432;
738;432;433;
739;433;476;
740;476;164;
741;980;437;
742;107;1360;
743;1360;1359;
744;1359;1358;
745;1358;1361;
746;1361;816;
747;816;1108;
748;1108;2667;
749;2667;442;
750;442;970;
751;970;966;
752;966;972;
753;972;971;
754;971;973;
755;973;977;
756;977;974;
757;974;975;
758;975;976;
759;448;443;
760;443;778;
761;778;444;
762;444;445;
763;445;446;
764;446;1143;
765;1143;2665;
766;2665;1133;
767;1133;1141;
768;1141;2690;
769;2690;2689;
770;2689;1139;
771;1139;2688;
772;2688;1140;
773;1140;1142;
774;1142;1144;
775;1144;2687;
776;2687;1145;
777;1145;1146;
778;1146;441;
779;965;600;
780;600;1149;
781;1149;1148;
782;1148;1147;
783;1147;1552;
784;447;448;
785;454;2419;
786;2419;821;
787;821;2395;
788;2395;455;
789;455;456;
790;456;457;
791;457;458;
792;458;1650;
793;1650;459;
794;459;460;
795;460;461;
796;461;2418;
797;2418;820;
798;820;462;
799;462;463;
800;463;1648;
801;1648;1645;
802;1645;464;
803;464;1643;
804;1643;1647;
805;1647;465;
806;465;1646;
807;1646;1644;
808;1644;466;
809;466;467;
810;467;468;
811;468;469;
812;470;2506;
813;2506;471;
814;471;472;
815;472;473;
816;473;2390;
817;2390;474;
818;477;478;
819;478;954;
820;954;479;
821;479;1332;
822;1332;480;
823;480;481;
824;481;482;
825;487;2473;
826;2473;631;
827;489;2478;
828;2478;490;
829;628;491;
830;491;492;
831;492;493;
832;97;496;
833;2052;2049;
834;2049;2044;
835;2044;2048;
836;2048;2051;
837;2051;2045;
838;2045;2050;
839;2050;2046;
840;2046;2047;
841;2047;497;
842;497;2053;
843;2053;2054;
844;2054;498;
845;498;630;
846;630;2055;
847;2055;2012;
848;2012;2010;
849;2010;2011;
850;2011;2014;
851;2014;2021;
852;2021;2013;
853;2013;2017;
854;2017;2016;
855;2016;2019;
856;527;510;
857;510;511;
858;511;2207;
859;2207;512;
860;512;2202;
861;2202;3062;
862;3062;508;
863;1947;513;
864;513;1946;
865;1946;517;
866;527;771;
867;771;773;
868;773;2206;
869;2206;525;
870;525;526;
871;526;1803;
872;1798;2626;
873;2626;544;
874;544;528;
875;1802;2623;
876;2623;2421;
877;2421;1794;
878;1794;1793;
879;1793;1791;
880;1791;2423;
881;2423;1792;
882;1792;530;
883;530;533;
884;533;531;
885;531;2420;
886;2420;532;
887;533;534;
888;534;535;
889;535;536;
890;536;528;
891;57;2417;
892;2417;672;
893;672;537;
894;537;665;
895;665;538;
896;538;664;
897;664;539;
898;539;2394;
899;2394;540;
900;540;532;
901;532;541;
902;541;666;
903;666;542;
904;542;543;
905;543;2425;
906;2425;529;
907;529;601;
908;601;516;
909;516;515;
910;515;514;
911;514;2399;
912;2399;2443;
913;2443;2624;
914;2624;1895;
915;466;2414;
916;2414;671;
917;671;2413;
918;2413;78;
919;853;2865;
920;2865;554;
921;554;553;
922;553;552;
923;552;551;
924;551;550;
925;550;549;
926;549;548;
927;548;603;
928;603;547;
929;547;174;
930;88;555;
931;555;556;
932;556;548;
933;603;810;
934;810;557;
935;557;569;
936;569;558;
937;558;559;
938;559;1940;
939;1940;560;
940;560;2842;
941;2842;811;
942;811;563;
943;563;570;
944;570;562;
945;562;561;
946;561;191;
947;766;2239;
948;2239;2240;
949;2240;100;
950;17;18;
951;18;1486;
952;1486;12;
953;141;3083;
954;3083;2922;
955;2922;2923;
956;2923;2568;
957;2568;798;
958;798;2570;
959;2570;20;
960;20;21;
961;21;2924;
962;2924;13;
963;2190;2194;
964;2194;2192;
965;2192;2193;
966;2193;2191;
967;2191;573;
968;573;577;
969;577;1335;
970;675;1040;
971;1040;2658;
972;2658;1334;
973;1334;1333;
974;172;581;
975;581;911;
976;78;903;
977;903;902;
978;902;571;
979;571;1157;
980;1157;61;
981;61;62;
982;62;2410;
983;2410;63;
984;63;64;
985;64;1545;
986;1545;65;
987;65;812;
988;812;66;
989;66;67;
990;67;1544;
991;1544;1543;
992;1543;190;
993;190;68;
994;68;69;
995;634;916;
996;916;633;
997;633;2513;
998;2513;1085;
999;1085;1087;
1000;1087;1088;
1001;1088;1086;
1002;643;714;
1003;222;857;
1004;857;647;
1005;653;2611;
1006;2611;639;
1007;218;653;
1008;649;3073;
1009;3073;3071;
1010;3071;3072;
1011;3072;3070;
1012;3070;642;
1013;642;639;
1014;639;2803;
1015;2803;648;
1016;658;641;
1017;641;655;
1018;655;640;
1019;640;662;
1020;662;656;
1021;656;659;
1022;659;644;
1023;644;660;
1024;660;645;
1025;645;652;
1026;652;651;
1027;651;657;
1028;657;649;
1029;649;646;
1030;646;661;
1031;661;650;
1032;650;654;
1033;654;658;
1034;92;3088;
1035;3088;2609;
1036;2609;648;
1037;648;653;
1038;428;430;
1039;430;437;
1040;437;439;
1041;439;434;
1042;434;964;
1043;233;2515;
1044;2515;2514;
1045;2514;920;
1046;920;1434;
1047;1434;782;
1048;170;687;
1049;687;684;
1050;679;2657;
1051;2657;676;
1052;676;1339;
1053;1339;1341;
1054;1341;1337;
1055;1337;1340;
1056;1340;1336;
1057;1336;674;
1058;696;695;
1059;703;705;
1060;705;2641;
1061;2641;894;
1062;894;2642;
1063;2642;211;
1064;211;884;
1065;884;882;
1066;882;875;
1067;875;3171;
1068;119;417;
1069;417;3117;
1070;3117;416;
1071;416;2733;
1072;2733;415;
1073;415;2734;
1074;2734;414;
1075;414;413;
1076;413;412;
1077;412;707;
1078;707;367;
1079;713;714;
1080;714;118;
1081;717;1554;
1082;1554;2577;
1083;123;2603;
1084;2603;717;
1085;3171;874;
1086;874;716;
1087;3171;210;
1088;210;873;
1089;712;604;
1090;712;713;
1091;389;2707;
1092;2707;2919;
1093;2919;718;
1094;718;2708;
1095;2708;719;
1096;140;2709;
1097;2709;719;
1098;719;208;
1099;208;119;
1100;604;2698;
1101;2698;373;
1102;373;2699;
1103;2699;374;
1104;374;2700;
1105;2700;375;
1106;560;564;
1107;564;565;
1108;565;566;
1109;566;2841;
1110;2841;3060;
1111;3060;2838;
1112;2838;567;
1113;567;2839;
1114;2839;2840;
1115;2840;2837;
1116;2837;1945;
1117;1945;2836;
1118;2836;2835;
1119;2835;2834;
1120;2834;568;
1121;568;1939;
1122;1939;2833;
1123;697;2890;
1124;2890;2889;
1125;2889;3082;
1126;3082;701;
1127;2888;3068;
1128;3068;2887;
1129;2887;3069;
1130;3069;2886;
1131;2886;2628;
1132;214;2581;
1133;2581;205;
1134;2730;725;
1135;725;727;
1136;727;732;
1137;732;729;
1138;725;3080;
1139;3080;723;
1140;723;3077;
1141;3077;3078;
1142;3078;722;
1143;722;724;
1144;724;3081;
1145;3081;3079;
1146;3079;726;
1147;726;3076;
1148;3076;3075;
1149;3075;728;
1150;16;2080;
1151;2080;2829;
1152;2829;2832;
1153;2832;2830;
1154;2830;2831;
1155;2831;731;
1156;731;150;
1157;150;1132;
1158;1132;19;
1159;19;16;
1160;16;17;
1161;17;27;
1162;33;789;
1163;789;1419;
1164;1419;790;
1165;790;733;
1166;733;1416;
1167;1416;1420;
1168;1420;1421;
1169;1421;1411;
1170;1411;734;
1171;734;1417;
1172;1417;1415;
1173;1415;1412;
1174;1412;1407;
1175;1407;1408;
1176;2129;2135;
1177;2135;2136;
1178;2136;2137;
1179;2137;2126;
1180;2126;2142;
1181;2142;2128;
1182;2128;2141;
1183;2141;2123;
1184;2123;2143;
1185;2143;2125;
1186;2125;2133;
1187;2133;2132;
1188;2132;2139;
1189;2139;2089;
1190;2089;2932;
1191;2932;2933;
1192;2933;226;
1193;226;2232;
1194;2232;2130;
1195;2130;2145;
1196;2145;2138;
1197;2138;2140;
1198;2140;2124;
1199;2124;232;
1200;232;2129;
1201;2122;2608;
1202;2608;30;
1203;30;2147;
1204;31;2931;
1205;2931;24;
1206;24;586;
1207;586;2895;
1208;2895;25;
1209;2131;2777;
1210;2777;31;
1211;736;737;
1212;127;3066;
1213;3066;741;
1214;741;3067;
1215;3067;743;
1216;447;755;
1217;755;754;
1218;754;753;
1219;753;752;
1220;752;751;
1221;751;750;
1222;750;749;
1223;749;748;
1224;748;747;
1225;747;746;
1226;746;578;
1227;578;1182;
1228;1182;1178;
1229;1178;1183;
1230;1183;1184;
1231;1184;1185;
1232;1185;791;
1233;791;1181;
1234;1181;1180;
1235;1180;1179;
1236;1179;462;
1237;517;770;
1238;770;2204;
1239;2204;768;
1240;768;2452;
1241;2452;523;
1242;684;691;
1243;691;683;
1244;683;1321;
1245;1321;1478;
1246;1478;1482;
1247;1482;1481;
1248;1481;1480;
1249;1480;680;
1250;27;2235;
1251;2235;2234;
1252;2234;2237;
1253;2237;93;
1254;93;825;
1255;28;796;
1256;796;1116;
1257;28;1556;
1258;1556;1557;
1259;1557;795;
1260;809;2519;
1261;2519;802;
1262;802;2469;
1263;2469;804;
1264;804;806;
1265;806;807;
1266;807;803;
1267;873;876;
1268;880;716;
1269;876;878;
1270;878;123;
1271;880;2822;
1272;2822;717;
1273;871;869;
1274;869;2816;
1275;2816;867;
1276;867;2815;
1277;2815;198;
1278;825;827;
1279;827;829;
1280;829;2077;
1281;2077;94;
1282;94;95;
1283;95;245;
1284;245;834;
1285;834;1961;
1286;1961;2465;
1287;861;92;
1288;92;2802;
1289;2802;3172;
1290;3172;123;
1291;861;2616;
1292;2616;859;
1293;859;205;
1294;205;2615;
1295;2615;213;
1296;213;2613;
1297;2613;855;
1298;855;2614;
1299;2614;856;
1300;856;858;
1301;858;860;
1302;860;2823;
1303;2823;861;
1304;886;1126;
1305;885;2965;
1306;2965;2960;
1307;2960;886;
1308;900;2621;
1309;2621;638;
1310;638;637;
1311;637;1330;
1312;1330;225;
1313;225;79;
1314;576;2186;
1315;2186;851;
1316;851;846;
1317;846;844;
1318;844;843;
1319;843;845;
1320;845;848;
1321;848;849;
1322;849;850;
1323;850;2174;
1324;2174;852;
1325;852;2185;
1326;2185;575;
1327;814;813;
1328;851;2529;
1329;2529;2530;
1330;2530;852;
1331;579;149;
1332;710;2505;
1333;2505;90;
1334;858;205;
1335;888;891;
1336;841;842;
1337;487;835;
1338;835;1859;
1339;1859;488;
1340;349;892;
1341;892;889;
1342;1136;817;
1343;817;815;
1344;815;814;
1345;872;2995;
1346;2995;2996;
1347;2996;2754;
1348;2754;870;
1349;870;2997;
1350;2997;2753;
1351;2753;868;
1352;833;1860;
1353;1860;836;
1354;836;487;
1355;884;883;
1356;883;877;
1357;894;896;
1358;896;895;
1359;895;893;
1360;829;830;
1361;830;832;
1362;832;2465;
1363;889;888;
1364;888;887;
1365;887;890;
1366;890;891;
1367;891;892;
1368;845;841;
1369;841;839;
1370;839;840;
1371;840;842;
1372;842;847;
1373;847;850;
1374;901;606;
1375;610;3029;
1376;3029;904;
1377;904;905;
1378;905;906;
1379;906;907;
1380;907;738;
1381;738;2646;
1382;2646;739;
1383;739;2645;
1384;2645;425;
1385;425;424;
1386;424;423;
1387;9;1031;
1388;1031;10;
1389;2578;2634;
1390;2634;1542;
1391;1542;76;
1392;76;1527;
1393;1527;2575;
1394;2575;39;
1395;39;1541;
1396;1541;933;
1397;933;1540;
1398;1540;1537;
1399;1537;940;
1400;940;2576;
1401;2576;71;
1402;71;1535;
1403;1535;70;
1404;70;1783;
1405;1783;2671;
1406;2671;40;
1407;40;41;
1408;41;1533;
1409;1533;199;
1410;199;2640;
1411;2640;2638;
1412;2638;1529;
1413;1529;72;
1414;72;1534;
1415;1534;42;
1416;42;2881;
1417;2881;1530;
1418;1530;1528;
1419;1528;73;
1420;73;3064;
1421;3064;2577;
1422;2577;1531;
1423;1531;2711;
1424;2711;43;
1425;43;121;
1426;121;74;
1427;74;2633;
1428;2633;44;
1429;44;1538;
1430;1538;75;
1431;75;1539;
1432;1539;2635;
1433;2635;2578;
1434;674;786;
1435;786;1052;
1436;786;1952;
1437;1952;912;
1438;912;233;
1439;233;913;
1440;913;1428;
1441;1428;1414;
1442;1422;917;
1443;917;1423;
1444;1423;787;
1445;1414;1424;
1446;1424;1425;
1447;1425;1426;
1448;1439;918;
1449;918;919;
1450;919;1437;
1451;1437;1438;
1452;1438;1440;
1453;925;1042;
1454;1042;1043;
1455;1043;1041;
1456;1041;922;
1457;923;2508;
1458;2508;2509;
1459;2509;926;
1460;926;2507;
1461;2507;925;
1462;921;924;
1463;924;927;
1464;927;923;
1465;930;928;
1466;928;931;
1467;931;932;
1468;932;2664;
1469;2664;929;
1470;929;159;
1471;939;2795;
1472;2795;2631;
1473;2631;2972;
1474;2972;2973;
1475;2973;933;
1476;2876;2825;
1477;2825;86;
1478;133;937;
1479;937;1468;
1480;1468;938;
1481;580;2871;
1482;88;2859;
1483;2859;2223;
1484;86;2874;
1485;2874;2594;
1486;2594;87;
1487;689;686;
1488;686;171;
1489;171;1405;
1490;1405;170;
1491;952;2455;
1492;2455;1608;
1493;1608;1609;
1494;1609;951;
1495;943;1612;
1496;1612;1611;
1497;1611;1610;
1498;1610;947;
1499;942;945;
1500;945;1615;
1501;1615;946;
1502;946;1616;
1503;1616;1614;
1504;1614;944;
1505;944;941;
1506;951;950;
1507;950;948;
1508;948;949;
1509;949;1613;
1510;1613;951;
1511;948;947;
1512;947;946;
1513;104;3004;
1514;3004;3002;
1515;3002;3003;
1516;3003;3005;
1517;3005;421;
1518;143;3021;
1519;3021;3020;
1520;3020;3019;
1521;3019;3017;
1522;3017;3006;
1523;3006;421;
1524;82;2991;
1525;2991;2992;
1526;2992;83;
1527;969;967;
1528;967;440;
1529;440;438;
1530;438;774;
1531;774;978;
1532;978;981;
1533;981;980;
1534;980;979;
1535;979;982;
1536;982;983;
1537;983;986;
1538;986;984;
1539;984;989;
1540;989;988;
1541;988;987;
1542;987;985;
1543;985;990;
1544;992;999;
1545;999;997;
1546;997;105;
1547;995;1007;
1548;1007;1003;
1549;1003;1001;
1550;1001;1006;
1551;1006;996;
1552;996;998;
1553;1004;993;
1554;993;1005;
1555;1005;1008;
1556;1008;1000;
1557;1000;1002;
1558;1002;998;
1559;865;2752;
1560;2752;2751;
1561;2751;866;
1562;866;2750;
1563;2750;862;
1564;864;3000;
1565;3000;2999;
1566;2999;3001;
1567;3001;2898;
1568;1017;427;
1569;427;2254;
1570;2254;105;
1571;89;2875;
1572;2875;580;
1573;192;2229;
1574;2229;2503;
1575;2503;89;
1576;79;1331;
1577;1331;396;
1578;396;2146;
1579;2146;1465;
1580;1669;2467;
1581;2467;1661;
1582;1661;1662;
1583;1662;1668;
1584;1668;1676;
1585;1052;161;
1586;161;10;
1587;677;1038;
1588;1038;675;
1589;675;679;
1590;1039;1036;
1591;1036;1037;
1592;1037;1035;
1593;1035;1033;
1594;1033;1034;
1595;1034;2406;
1596;2406;1953;
1597;1953;1038;
1598;159;160;
1599;160;1057;
1600;1057;1058;
1601;1058;1055;
1602;1055;1078;
1603;1078;1343;
1604;1343;1342;
1605;1342;1056;
1606;1057;1068;
1607;1068;1076;
1608;1076;1077;
1609;1077;1062;
1610;1062;1060;
1611;1060;1063;
1612;1063;1081;
1613;1081;1065;
1614;1065;1066;
1615;1066;1064;
1616;1064;1056;
1617;1056;1072;
1618;1072;1059;
1619;1059;779;
1620;1075;1067;
1621;1067;2396;
1622;2396;1073;
1623;1073;1082;
1624;1082;1080;
1625;1080;1061;
1626;1061;1069;
1627;1069;1070;
1628;105;1071;
1629;1071;1079;
1630;1079;1074;
1631;1084;1083;
1632;1091;2661;
1633;2661;1103;
1634;1103;1105;
1635;1105;1106;
1636;1106;1098;
1637;135;1101;
1638;1101;1093;
1639;1093;1095;
1640;633;2512;
1641;2512;1096;
1642;1096;1099;
1643;1099;1094;
1644;1094;1104;
1645;1098;1107;
1646;1107;1102;
1647;1102;1100;
1648;1100;136;
1649;1324;2436;
1650;2436;2438;
1651;2438;1197;
1652;1197;1113;
1653;1113;1118;
1654;1116;2404;
1655;2404;1114;
1656;1114;1119;
1657;1119;1120;
1658;1126;2961;
1659;2961;2962;
1660;2962;2963;
1661;2963;1124;
1662;1124;2964;
1663;2964;1125;
1664;1125;1123;
1665;1123;22;
1666;3031;1131;
1667;1131;1129;
1668;1129;3050;
1669;3050;1130;
1670;1130;3030;
1671;3030;1127;
1672;1127;1128;
1673;1128;1132;
1674;1133;1135;
1675;1135;1137;
1676;1137;2666;
1677;2666;1136;
1678;1136;1134;
1679;1134;1138;
1680;1138;816;
1681;816;1362;
1682;1362;1356;
1683;1356;1357;
1684;1357;196;
1685;1153;453;
1686;1558;1156;
1687;1157;1163;
1688;1163;1167;
1689;1167;2411;
1690;2411;1171;
1691;1171;1165;
1692;1165;1164;
1693;1164;1166;
1694;1166;1170;
1695;1170;1175;
1696;1175;1158;
1697;1158;1169;
1698;1169;1174;
1699;1174;1173;
1700;1173;1172;
1701;1172;1162;
1702;1162;1168;
1703;1168;2412;
1704;2412;1161;
1705;1161;1159;
1706;1159;1160;
1707;1160;902;
1708;137;2391;
1709;2391;2599;
1710;2599;2598;
1711;2598;2389;
1712;2389;2388;
1713;2388;963;
1714;963;108;
1715;960;1326;
1716;1326;955;
1717;955;138;
1718;779;169;
1719;169;1089;
1720;1089;782;
1721;782;1091;
1722;1091;2662;
1723;2662;1097;
1724;1097;1090;
1725;1090;781;
1726;781;136;
1727;1028;1029;
1728;1029;2595;
1729;2595;1026;
1730;1026;2596;
1731;2596;2565;
1732;2565;1027;
1733;1027;2597;
1734;2597;1025;
1735;1319;2428;
1736;2428;447;
1737;1319;2432;
1738;2432;448;
1739;1177;751;
1740;1191;1193;
1741;1193;1194;
1742;1194;1192;
1743;1192;1189;
1744;1189;1186;
1745;1186;1195;
1746;1195;1187;
1747;1187;1188;
1748;1188;1190;
1749;1190;1196;
1750;1323;2458;
1751;2458;1196;
1752;1196;1198;
1753;1120;1219;
1754;1219;1117;
1755;1117;1118;
1756;1118;1202;
1757;1202;1208;
1758;1208;1200;
1759;1200;1199;
1760;1199;1210;
1761;1210;1209;
1762;1209;1206;
1763;1206;1207;
1764;1207;1205;
1765;1205;1203;
1766;1203;1201;
1767;1201;1204;
1768;1113;1211;
1769;1211;1212;
1770;2402;2403;
1771;2403;1216;
1772;1216;1215;
1773;1215;1214;
1774;1214;1217;
1775;1217;1213;
1776;1224;1221;
1777;1221;1225;
1778;1225;1222;
1779;1222;1226;
1780;1223;1224;
1781;1219;2444;
1782;1197;1227;
1783;1227;1257;
1784;1257;1218;
1785;1218;1223;
1786;1115;2437;
1787;2437;2439;
1788;2439;1238;
1789;1238;1252;
1790;1252;1235;
1791;1235;1228;
1792;1228;1250;
1793;1250;1253;
1794;1253;1239;
1795;1239;1234;
1796;1234;1244;
1797;1244;1251;
1798;1251;1231;
1799;1231;1248;
1800;1248;1229;
1801;1229;1246;
1802;1246;1245;
1803;1245;1247;
1804;1247;1241;
1805;1241;1237;
1806;1237;1236;
1807;1236;1242;
1808;1242;1230;
1809;1230;1249;
1810;1249;1232;
1811;1232;1243;
1812;1243;1233;
1813;1233;1240;
1814;1274;1260;
1815;1260;1261;
1816;1261;1280;
1817;1280;1279;
1818;1259;1271;
1819;1271;1276;
1820;1276;1274;
1821;1274;1270;
1822;1270;1272;
1823;1272;1277;
1824;1277;1262;
1825;1262;1254;
1826;1254;1267;
1827;1267;1257;
1828;1271;1275;
1829;1275;1265;
1830;1265;1269;
1831;1269;1266;
1832;1266;1258;
1833;1258;1255;
1834;1255;1263;
1835;1268;1259;
1836;1251;1278;
1837;1278;1273;
1838;1273;1256;
1839;1256;1264;
1840;1264;1268;
1841;1322;2405;
1842;2405;1300;
1843;1300;1298;
1844;1298;1302;
1845;1302;1285;
1846;1285;1311;
1847;1311;1284;
1848;1284;1299;
1849;1299;1291;
1850;1291;1283;
1851;1283;1290;
1852;1290;1288;
1853;1288;1287;
1854;1287;1296;
1855;1296;1281;
1856;1281;1305;
1857;1305;1294;
1858;1294;1292;
1859;1292;1289;
1860;1289;1295;
1861;1295;1307;
1862;1307;1297;
1863;1297;1301;
1864;1301;1304;
1865;1304;1286;
1866;1286;1303;
1867;1303;1306;
1868;1306;1293;
1869;1293;1282;
1870;1282;1309;
1871;1309;1318;
1872;1318;1310;
1873;1310;1315;
1874;1315;1313;
1875;1313;1317;
1876;1317;1312;
1877;1312;1316;
1878;1316;1308;
1879;1308;1314;
1880;1314;1311;
1881;99;1319;
1882;39;2636;
1883;2636;2779;
1884;2779;2630;
1885;2630;255;
1886;255;2778;
1887;1326;2604;
1888;2604;2605;
1889;2605;1327;
1890;899;2537;
1891;2537;3149;
1892;3149;1328;
1893;1333;574;
1894;1335;2150;
1895;2150;574;
1896;574;2149;
1897;2149;572;
1898;234;2518;
1899;2518;2517;
1900;2517;1346;
1901;2188;2187;
1902;2187;2189;
1903;1384;1369;
1904;1369;1398;
1905;1398;1366;
1906;1366;1095;
1907;2521;2520;
1908;2520;1364;
1909;1364;1378;
1910;1378;1396;
1911;1396;1370;
1912;1378;1393;
1913;1393;1391;
1914;1391;1380;
1915;1380;1367;
1916;1367;1399;
1917;1399;1371;
1918;1371;1373;
1919;1373;1404;
1920;1404;1383;
1921;1383;1397;
1922;1397;1382;
1923;1382;1387;
1924;1387;1363;
1925;1374;1379;
1926;1379;1388;
1927;1388;1365;
1928;1365;1392;
1929;1392;1372;
1930;1372;1385;
1931;1385;1403;
1932;1403;1392;
1933;1381;1400;
1934;1400;1374;
1935;1379;1376;
1936;1376;1377;
1937;1377;1389;
1938;1389;1375;
1939;1375;1395;
1940;1395;1386;
1941;1386;1401;
1942;1401;1368;
1943;1368;1388;
1944;1369;1402;
1945;1402;1390;
1946;1390;1394;
1947;1384;1381;
1948;1429;1427;
1949;1427;1414;
1950;787;1430;
1951;1430;1429;
1952;1089;1434;
1953;1434;1433;
1954;1433;1435;
1955;1435;1432;
1956;1432;1436;
1957;1414;1418;
1958;1418;33;
1959;1448;2258;
1960;403;2969;
1961;2969;1458;
1962;1458;1452;
1963;1452;1453;
1964;1453;2967;
1965;1457;1442;
1966;1442;2968;
1967;2968;1443;
1968;1443;1459;
1969;1459;1451;
1970;1465;2799;
1971;2799;224;
1972;224;3148;
1973;3148;3147;
1974;3147;2629;
1975;2629;2576;
1976;227;1472;
1977;1472;1474;
1978;1474;285;
1979;285;1469;
1980;1469;2521;
1981;2521;1473;
1982;1473;938;
1983;938;132;
1984;1469;1471;
1985;1471;1470;
1986;1475;1477;
1987;1476;1475;
1988;170;761;
1989;761;690;
1990;690;692;
1991;692;688;
1992;688;681;
1993;681;685;
1994;685;682;
1995;682;172;
1996;1486;1488;
1997;1488;1484;
1998;1484;2523;
1999;2523;1487;
2000;1487;2522;
2001;2522;1485;
2002;1489;1490;
2003;1499;1505;
2004;1504;1512;
2005;1512;1501;
2006;1501;1513;
2007;1513;1503;
2008;1503;1502;
2009;1502;1500;
2010;1500;1506;
2011;1506;1508;
2012;1508;1511;
2013;1511;1509;
2014;1509;1507;
2015;1507;1510;
2016;1522;1524;
2017;1524;1520;
2018;1520;1515;
2019;1521;1523;
2020;1523;1516;
2021;1516;1518;
2022;1518;1526;
2023;3157;1525;
2024;1525;1514;
2025;1551;1176;
2026;453;1154;
2027;1154;2217;
2028;2217;2218;
2029;2218;2215;
2030;2215;2214;
2031;2214;2220;
2032;2220;2219;
2033;2219;2216;
2034;2216;801;
2035;801;800;
2036;800;1152;
2037;1152;1151;
2038;1151;2409;
2039;2409;2213;
2040;2213;1150;
2041;1150;452;
2042;1568;1571;
2043;1571;1573;
2044;1573;1566;
2045;1566;1577;
2046;1577;1602;
2047;1602;1585;
2048;1585;1560;
2049;1560;1575;
2050;1575;1576;
2051;1576;1580;
2052;1580;1569;
2053;1569;1586;
2054;1586;1588;
2055;1588;1587;
2056;1587;1559;
2057;1559;1584;
2058;1584;1564;
2059;1564;1561;
2060;1561;1563;
2061;1563;1572;
2062;1572;1562;
2063;1571;1570;
2064;1570;1583;
2065;1583;1581;
2066;1581;1574;
2067;1574;1589;
2068;1589;1582;
2069;1582;1579;
2070;1579;1578;
2071;1578;1567;
2072;1567;1565;
2073;1565;1589;
2074;1607;1594;
2075;1595;1603;
2076;1603;1606;
2077;1606;1601;
2078;1594;1599;
2079;1605;1598;
2080;1598;1597;
2081;1597;1592;
2082;1585;1591;
2083;1591;1599;
2084;1599;1600;
2085;1602;1596;
2086;1596;1604;
2087;1604;1605;
2088;1605;1595;
2089;1595;1590;
2090;1590;1593;
2091;1593;1607;
2092;1632;2445;
2093;2445;1631;
2094;1631;1617;
2095;1617;1626;
2096;1626;1627;
2097;1627;1625;
2098;1625;1620;
2099;1620;1630;
2100;1630;1619;
2101;1619;1634;
2102;1634;1618;
2103;1618;1622;
2104;1622;1633;
2105;1633;1629;
2106;1629;1623;
2107;1623;1628;
2108;1628;1621;
2109;1621;1624;
2110;1624;1627;
2111;1620;1629;
2112;1625;1623;
2113;1637;1642;
2114;1639;1640;
2115;1640;1636;
2116;1636;1637;
2117;1637;1638;
2118;1638;1635;
2119;1635;2426;
2120;2426;2397;
2121;2397;1641;
2122;151;2462;
2123;2462;1654;
2124;1654;1660;
2125;1660;1658;
2126;1658;1659;
2127;1659;1657;
2128;1676;1664;
2129;1664;1663;
2130;1663;1667;
2131;1667;1672;
2132;1672;1673;
2133;1673;1670;
2134;1670;1741;
2135;1741;1743;
2136;1743;1742;
2137;1742;1744;
2138;1744;1702;
2139;1702;1679;
2140;1666;1739;
2141;1739;1740;
2142;1740;1730;
2143;1730;1685;
2144;1685;1681;
2145;1681;1682;
2146;1682;1684;
2147;1684;1683;
2148;1683;1686;
2149;1686;1680;
2150;1680;1679;
2151;1676;1675;
2152;1675;1678;
2153;1678;1677;
2154;1677;1674;
2155;1674;1666;
2156;1666;1670;
2157;1670;1665;
2158;1665;1671;
2159;1671;2457;
2160;2457;2456;
2161;2456;1653;
2162;1653;1022;
2163;1022;2454;
2164;2454;1023;
2165;1023;1656;
2166;1656;1021;
2167;1021;1652;
2168;1652;1655;
2169;1730;1738;
2170;1738;1736;
2171;1736;1734;
2172;1734;1732;
2173;1732;1735;
2174;1735;1729;
2175;1729;1733;
2176;1733;1728;
2177;1728;1727;
2178;1727;1726;
2179;1726;1737;
2180;1737;1695;
2181;1695;1725;
2182;1725;1701;
2183;1701;2896;
2184;2896;1731;
2185;1731;1699;
2186;1699;1707;
2187;1707;1777;
2188;1777;1688;
2189;1688;1721;
2190;1721;1722;
2191;1722;1687;
2192;1687;1689;
2193;1689;1779;
2194;1779;1691;
2195;1691;1780;
2196;1780;1024;
2197;1702;1715;
2198;1715;1711;
2199;1711;1718;
2200;1718;1706;
2201;1706;1776;
2202;1776;1775;
2203;1775;1709;
2204;1709;1704;
2205;1704;1717;
2206;1717;1723;
2207;1723;1745;
2208;1745;1024;
2209;1024;1690;
2210;1690;1703;
2211;1703;1694;
2212;1694;1693;
2213;1693;1692;
2214;1692;1708;
2215;1708;1778;
2216;1778;1710;
2217;1710;1697;
2218;1697;1714;
2219;1714;1713;
2220;1713;1700;
2221;1700;1716;
2222;1716;1705;
2223;1705;1696;
2224;1696;1698;
2225;1698;1719;
2226;1719;2448;
2227;2448;1720;
2228;1720;1712;
2229;1712;1724;
2230;1724;2453;
2231;2453;1022;
2232;1751;1746;
2233;1746;1749;
2234;1749;1748;
2235;1748;1752;
2236;1752;1750;
2237;1750;1754;
2238;1754;1753;
2239;1753;1747;
2240;1688;1757;
2241;1757;1768;
2242;1768;1771;
2243;1771;1758;
2244;1758;1759;
2245;1759;1767;
2246;1767;1766;
2247;1766;1756;
2248;1756;1765;
2249;1765;1764;
2250;1764;1763;
2251;1763;1760;
2252;1760;1769;
2253;1769;1770;
2254;1770;1762;
2255;1762;1755;
2256;1755;1761;
2257;1761;1772;
2258;1772;1774;
2259;1774;1773;
2260;45;2985;
2261;2985;2984;
2262;2984;2983;
2263;2983;908;
2264;908;3152;
2265;3152;2669;
2266;2669;2981;
2267;2981;2980;
2268;2980;2670;
2269;2670;2979;
2270;2979;2671;
2271;1782;758;
2272;758;152;
2273;152;2422;
2274;2422;1641;
2275;1641;1651;
2276;1651;2433;
2277;2433;99;
2278;26;2925;
2279;2925;21;
2280;90;91;
2281;91;36;
2282;710;223;
2283;223;711;
2284;711;647;
2285;647;856;
2286;240;1790;
2287;1790;1787;
2288;1787;1785;
2289;1785;1784;
2290;1784;1789;
2291;1789;1786;
2292;1786;1787;
2293;1788;1812;
2294;1812;240;
2295;240;241;
2296;241;242;
2297;242;243;
2298;243;2009;
2299;2009;1897;
2300;1897;2470;
2301;2470;1896;
2302;1896;200;
2303;528;2427;
2304;2427;529;
2305;1815;1816;
2306;1816;1813;
2307;1814;1811;
2308;1811;1817;
2309;1817;1810;
2310;1810;1812;
2311;1839;1832;
2312;1832;1837;
2313;1837;1824;
2314;1828;1823;
2315;1823;1836;
2316;1836;1820;
2317;1820;1840;
2318;1840;1821;
2319;1821;1827;
2320;1827;1833;
2321;1833;1826;
2322;1826;490;
2323;631;837;
2324;837;1880;
2325;1880;486;
2326;486;485;
2327;485;2484;
2328;2484;1870;
2329;1870;484;
2330;484;483;
2331;631;1824;
2332;1824;1822;
2333;1822;1818;
2334;1818;2476;
2335;2476;1838;
2336;1838;1828;
2337;1856;1852;
2338;1843;1858;
2339;1858;2198;
2340;2198;2201;
2341;2201;1854;
2342;1854;1848;
2343;1848;2200;
2344;2200;1847;
2345;1847;1850;
2346;1850;1844;
2347;1844;2199;
2348;2199;1856;
2349;1856;1849;
2350;1849;1855;
2351;1855;1853;
2352;1853;1845;
2353;1845;1841;
2354;1841;2463;
2355;2463;1842;
2356;1842;1846;
2357;1846;1857;
2358;1845;1851;
2359;1867;2486;
2360;2486;1864;
2361;1864;1865;
2362;1865;1863;
2363;1863;2487;
2364;2487;1866;
2365;490;1834;
2366;1834;2480;
2367;2480;1819;
2368;1819;1835;
2369;1835;1831;
2370;1831;1839;
2371;1839;1829;
2372;1829;1830;
2373;1830;1825;
2374;1825;1828;
2375;493;1872;
2376;1872;1890;
2377;1890;1875;
2378;1875;1888;
2379;1888;1883;
2380;1883;1873;
2381;1873;620;
2382;620;1884;
2383;1884;624;
2384;624;627;
2385;627;632;
2386;632;622;
2387;622;1874;
2388;1874;1878;
2389;1878;621;
2390;621;1877;
2391;1877;1876;
2392;1876;625;
2393;625;2483;
2394;2483;2482;
2395;2482;2481;
2396;2481;1880;
2397;1869;1868;
2398;1868;1871;
2399;1871;1894;
2400;1894;1892;
2401;1892;2485;
2402;2485;1893;
2403;1893;1870;
2404;1888;1879;
2405;1879;1881;
2406;1881;1889;
2407;1889;1887;
2408;1887;1882;
2409;1882;1885;
2410;1885;1891;
2411;1891;1886;
2412;202;2498;
2413;2498;1900;
2414;1900;1899;
2415;1899;1901;
2416;1901;1898;
2417;1898;1902;
2418;1906;2497;
2419;2497;1911;
2420;1909;2495;
2421;2495;1907;
2422;1907;1903;
2423;1908;1904;
2424;1904;2494;
2425;2494;1910;
2426;1910;1905;
2427;1905;1907;
2428;2479;1915;
2429;1915;1914;
2430;1914;1912;
2431;1912;524;
2432;519;520;
2433;520;1928;
2434;1928;521;
2435;521;509;
2436;509;2459;
2437;2459;772;
2438;772;953;
2439;953;1929;
2440;1929;522;
2441;522;2203;
2442;2203;2205;
2443;2205;523;
2444;1921;1920;
2445;1920;1913;
2446;1913;1925;
2447;1925;1924;
2448;1924;1919;
2449;1919;1923;
2450;1927;1916;
2451;1916;1926;
2452;1926;1921;
2453;1921;1922;
2454;1922;1917;
2455;1917;1918;
2456;1931;767;
2457;767;2402;
2458;2402;765;
2459;765;2447;
2460;2447;757;
2461;757;764;
2462;764;760;
2463;760;2442;
2464;2442;762;
2465;762;1930;
2466;1930;1938;
2467;1938;1933;
2468;1933;1936;
2469;1936;1937;
2470;1937;2435;
2471;2435;1935;
2472;135;915;
2473;915;134;
2474;134;1440;
2475;1440;1095;
2476;1095;1394;
2477;1394;1086;
2478;1086;1104;
2479;1104;2236;
2480;2236;766;
2481;1931;1932;
2482;1932;2242;
2483;2242;1934;
2484;1934;2241;
2485;2241;793;
2486;793;792;
2487;792;99;
2488;1935;1324;
2489;1324;1115;
2490;1115;1325;
2491;1325;2238;
2492;2238;100;
2493;2222;1941;
2494;1941;1942;
2495;1942;1943;
2496;1943;1944;
2497;1944;2225;
2498;2225;2224;
2499;2224;1945;
2500;1782;2622;
2501;2622;454;
2502;454;166;
2503;166;2651;
2504;2651;3063;
2505;3063;158;
2506;158;2652;
2507;2652;165;
2508;165;759;
2509;759;1802;
2510;1802;1804;
2511;1804;1799;
2512;1799;1796;
2513;1796;1801;
2514;1801;1797;
2515;1797;1795;
2516;1795;1798;
2517;1798;1803;
2518;1803;1895;
2519;1895;1947;
2520;1947;2625;
2521;2625;1800;
2522;246;1958;
2523;1958;1959;
2524;1959;1954;
2525;1966;501;
2526;501;502;
2527;502;2029;
2528;2029;629;
2529;629;2041;
2530;2041;503;
2531;503;504;
2532;504;2040;
2533;2040;2043;
2534;2043;505;
2535;626;1966;
2536;1973;1975;
2537;1975;1968;
2538;1968;1974;
2539;1974;1969;
2540;1969;2490;
2541;2490;2491;
2542;2491;1972;
2543;1967;1971;
2544;1971;2489;
2545;2489;1970;
2546;1990;1999;
2547;1999;1979;
2548;1979;2001;
2549;2001;1988;
2550;1988;2007;
2551;2007;2008;
2552;2008;1986;
2553;1986;1982;
2554;1982;1993;
2555;1993;2003;
2556;2003;1965;
2557;1994;1998;
2558;1998;2004;
2559;2004;1984;
2560;1984;2002;
2561;2002;1996;
2562;1996;1978;
2563;1976;2005;
2564;2005;1992;
2565;1992;1981;
2566;1981;1983;
2567;1983;1997;
2568;1997;1989;
2569;1989;1985;
2570;1985;1980;
2571;1980;1990;
2572;1990;2000;
2573;2000;1994;
2574;1994;1995;
2575;1995;2006;
2576;2006;1991;
2577;1991;1987;
2578;496;2496;
2579;2496;2493;
2580;2493;2492;
2581;2492;499;
2582;499;2024;
2583;2024;1977;
2584;1977;1976;
2585;1976;500;
2586;500;626;
2587;2019;2015;
2588;2015;2020;
2589;2020;2018;
2590;2018;2022;
2591;2022;499;
2592;2028;2025;
2593;2025;2026;
2594;2026;2027;
2595;2027;2023;
2596;2023;2024;
2597;2038;2033;
2598;2033;2030;
2599;2030;2034;
2600;2034;2032;
2601;2032;2035;
2602;2035;2036;
2603;2036;2031;
2604;2031;2037;
2605;2037;2029;
2606;505;2042;
2607;2042;506;
2608;506;2039;
2609;2039;497;
2610;497;507;
2611;507;192;
2612;504;2060;
2613;2060;2058;
2614;2058;2059;
2615;2059;2061;
2616;2061;2056;
2617;2056;2057;
2618;2070;2068;
2619;2068;2067;
2620;2067;2065;
2621;2064;2071;
2622;2071;2062;
2623;2062;2069;
2624;193;2500;
2625;2500;2072;
2626;2077;2081;
2627;2081;2079;
2628;2079;2078;
2629;2078;2468;
2630;2468;2075;
2631;2075;101;
2632;101;2076;
2633;2076;3051;
2634;3051;731;
2635;226;2525;
2636;2525;2524;
2637;2524;2114;
2638;2092;2093;
2639;2093;2094;
2640;2094;2095;
2641;2095;2096;
2642;2096;2099;
2643;2099;2097;
2644;2097;2098;
2645;2102;2101;
2646;2101;2100;
2647;2103;2105;
2648;2105;2106;
2649;2106;2104;
2650;2108;2107;
2651;2083;2084;
2652;2084;2109;
2653;2109;2118;
2654;2118;2111;
2655;2111;2085;
2656;2085;2086;
2657;2086;2112;
2658;2112;2110;
2659;2110;2119;
2660;2119;2087;
2661;2087;2088;
2662;2088;2083;
2663;2083;2117;
2664;2117;2120;
2665;2120;2121;
2666;2121;2114;
2667;2114;2113;
2668;2113;2115;
2669;2115;2116;
2670;2116;2087;
2671;2141;2134;
2672;2134;2127;
2673;2127;2144;
2674;2144;2131;
2675;2089;2162;
2676;2162;2526;
2677;2526;2165;
2678;2165;2157;
2679;2157;2156;
2680;2156;2160;
2681;2160;2168;
2682;2168;2155;
2683;2155;2167;
2684;2167;2154;
2685;2154;2161;
2686;2161;2170;
2687;2170;2152;
2688;2152;2164;
2689;2164;2163;
2690;2163;2169;
2691;2169;2158;
2692;2158;2153;
2693;2153;2166;
2694;2166;2159;
2695;2159;2154;
2696;2175;2179;
2697;2179;2177;
2698;2177;2181;
2699;2181;2173;
2700;2173;2178;
2701;2178;2180;
2702;2180;2172;
2703;2172;2171;
2704;2171;2528;
2705;2528;2174;
2706;2176;2175;
2707;2089;2527;
2708;2527;2151;
2709;2151;2176;
2710;2183;2182;
2711;2208;2488;
2712;2488;2212;
2713;2209;2211;
2714;2211;2208;
2715;2210;2209;
2716;127;214;
2717;2226;2819;
2718;2819;706;
2719;706;2818;
2720;2818;2817;
2721;2817;871;
2722;11;1948;
2723;1948;2257;
2724;2257;959;
2725;959;958;
2726;958;957;
2727;957;2579;
2728;2579;960;
2729;244;174;
2730;203;2231;
2731;2231;244;
2732;203;838;
2733;838;174;
2734;2465;1964;
2735;1964;619;
2736;619;2466;
2737;2466;246;
2738;246;1669;
2739;1669;2471;
2740;2471;200;
2741;2246;2245;
2742;669;229;
2743;229;612;
2744;612;230;
2745;337;351;
2746;2254;994;
2747;994;1009;
2748;1009;992;
2749;2258;1449;
2750;1449;1445;
2751;1445;2966;
2752;2966;1456;
2753;1456;1450;
2754;1450;1461;
2755;1461;1462;
2756;1462;1460;
2757;1460;2967;
2758;2967;1451;
2759;1451;1444;
2760;1444;1455;
2761;1455;1454;
2762;319;2259;
2763;2259;2260;
2764;2260;2305;
2765;2305;2261;
2766;2261;2262;
2767;2265;2269;
2768;2269;2266;
2769;2266;2267;
2770;2267;2268;
2771;2268;2269;
2772;2270;2274;
2773;2274;2271;
2774;2271;2272;
2775;2272;2273;
2776;2273;2282;
2777;2284;395;
2778;395;2276;
2779;2276;2277;
2780;2277;2278;
2781;2278;2279;
2782;2279;2970;
2783;2970;2971;
2784;2971;2280;
2785;2280;2281;
2786;2281;2282;
2787;2282;2283;
2788;2283;395;
2789;2264;2286;
2790;2286;2287;
2791;2287;2288;
2792;2288;2292;
2793;2292;2289;
2794;2289;2290;
2795;2290;2293;
2796;2534;2294;
2797;2294;2295;
2798;2296;2298;
2799;2298;2297;
2800;2298;2299;
2801;322;2300;
2802;2300;2301;
2803;2301;2302;
2804;2302;2303;
2805;2303;2304;
2806;317;2306;
2807;2306;2308;
2808;2308;2307;
2809;2307;2309;
2810;2309;2310;
2811;2310;2311;
2812;2313;2314;
2813;2314;2315;
2814;2315;2323;
2815;2323;2316;
2816;2316;2317;
2817;2317;2318;
2818;2318;2319;
2819;2319;2320;
2820;2312;2321;
2821;2321;2324;
2822;2324;2322;
2823;2322;2323;
2824;2324;2325;
2825;2325;2326;
2826;2325;2327;
2827;2328;2329;
2828;2329;2535;
2829;2535;2330;
2830;2330;2331;
2831;2331;2332;
2832;2332;2347;
2833;2347;2351;
2834;2351;2349;
2835;2349;2333;
2836;2333;2334;
2837;2334;2335;
2838;2335;2336;
2839;2336;2337;
2840;2337;2338;
2841;2338;2339;
2842;2339;2340;
2843;2340;2341;
2844;2341;2342;
2845;2342;2343;
2846;2343;2344;
2847;2345;2346;
2848;2346;2331;
2849;2347;2348;
2850;2349;2350;
2851;399;2958;
2852;2958;2957;
2853;2957;398;
2854;398;2956;
2855;2956;397;
2856;397;886;
2857;2353;2354;
2858;2354;2355;
2859;2355;2356;
2860;2356;2357;
2861;2357;2358;
2862;2358;2359;
2863;2359;2360;
2864;2360;2361;
2865;2361;2362;
2866;2362;2363;
2867;2363;2364;
2868;2364;2365;
2869;2365;2366;
2870;2366;2367;
2871;2367;2368;
2872;2368;2369;
2873;2369;2370;
2874;2370;2371;
2875;2371;2372;
2876;2372;2373;
2877;2373;2374;
2878;2374;2375;
2879;2375;2376;
2880;2376;2377;
2881;2377;2378;
2882;2378;2379;
2883;2379;2380;
2884;2380;2381;
2885;2381;2382;
2886;2382;2383;
2887;2383;2384;
2888;2384;2385;
2889;2385;2386;
2890;2386;2387;
2891;2393;2392;
2892;2460;1496;
2893;2444;1220;
2894;2473;2474;
2895;2474;1861;
2896;1498;2460;
2897;2460;1497;
2898;2476;2475;
2899;2475;1862;
2900;2530;2184;
2901;2535;2352;
2902;2541;2542;
2903;2559;2560;
2904;2550;2551;
2905;2547;2548;
2906;2555;2539;
2907;2548;2549;
2908;2549;2550;
2909;2556;2557;
2910;2557;2558;
2911;2558;2559;
2912;2551;2552;
2913;2552;2553;
2914;2553;2554;
2915;2554;2555;
2916;2542;2543;
2917;2543;2544;
2918;2544;2545;
2919;2545;2540;
2920;2560;2561;
2921;2561;2562;
2922;2564;1548;
2923;2563;1547;
2924;1550;2563;
2925;2563;2564;
2926;2564;1549;
2927;6;2566;
2928;2566;2567;
2929;2568;2569;
2930;2569;2570;
2931;2569;2573;
2932;2573;2571;
2933;2571;2572;
2934;2573;2574;
2935;200;2477;
2936;2477;489;
2937;489;201;
2938;201;623;
2939;623;1866;
2940;1866;483;
2941;483;204;
2942;204;618;
2943;618;2063;
2944;2063;2066;
2945;2066;2069;
2946;2069;628;
2947;628;202;
2948;202;2065;
2949;2065;203;
2950;2581;2582;
2951;2582;2583;
2952;2583;2586;
2953;2586;2584;
2954;2584;2585;
2955;2587;2588;
2956;2588;2589;
2957;2589;2590;
2958;2590;2591;
2959;2591;2592;
2960;2592;2593;
2961;138;137;
2962;1408;1431;
2963;1431;787;
2964;787;1409;
2965;1409;1410;
2966;1410;1413;
2967;1413;1406;
2968;1406;1414;
2969;474;962;
2970;164;162;
2971;2601;2632;
2972;2632;2602;
2973;2607;2606;
2974;2147;2607;
2975;2607;2148;
2976;795;911;
2977;263;275;
2978;2539;2556;
2979;270;2533;
2980;2533;269;
2981;2540;2546;
2982;2546;2547;
2983;2618;2619;
2984;2619;399;
2985;1940;2227;
2986;2227;2222;
2987;2627;1064;
2988;911;952;
2989;952;27;
2990;119;287;
2991;287;712;
2992;583;591;
2993;591;279;
2994;279;280;
2995;280;281;
2996;281;282;
2997;282;587;
2998;587;585;
2999;585;2776;
3000;2776;594;
3001;594;2775;
3002;2775;2765;
3003;37;2898;
3004;120;2955;
3005;2955;209;
3006;209;2617;
3007;2617;141;
3008;2628;730;
3009;42;1553;
3010;1553;109;
3011;109;704;
3012;80;406;
3013;406;407;
3014;407;408;
3015;408;409;
3016;409;139;
3017;139;410;
3018;410;643;
3019;643;411;
3020;411;708;
3021;708;367;
3022;697;698;
3023;698;3171;
3024;250;2782;
3025;2782;251;
3026;251;2781;
3027;2781;252;
3028;252;2988;
3029;2988;253;
3030;253;2780;
3031;2780;254;
3032;254;3170;
3033;3170;255;
3034;2465;831;
3035;831;828;
3036;828;826;
3037;826;825;
3038;110;2821;
3039;2821;745;
3040;745;113;
3041;113;114;
3042;114;115;
3043;418;2653;
3044;2653;2656;
3045;2656;2654;
3046;2654;2655;
3047;2655;3085;
3048;3085;2880;
3049;70;2977;
3050;2977;2673;
3051;2673;2976;
3052;2976;2975;
3053;2975;2978;
3054;2978;2672;
3055;2672;2674;
3056;2674;2982;
3057;2982;2987;
3058;2987;2974;
3059;2974;2986;
3060;2986;1781;
3061;1781;2686;
3062;2686;635;
3063;635;636;
3064;636;909;
3065;909;2538;
3066;2538;910;
3067;1517;197;
3068;197;2226;
3069;2819;3165;
3070;3165;2814;
3071;2814;3163;
3072;2674;898;
3073;898;3145;
3074;3145;2675;
3075;2675;2676;
3076;2676;2677;
3077;2677;2678;
3078;2678;2536;
3079;2536;2679;
3080;2679;2680;
3081;2680;2681;
3082;2681;900;
3083;2712;2713;
3084;2714;2715;
3085;2715;2718;
3086;2718;2716;
3087;2716;2717;
3088;2718;2719;
3089;2719;2720;
3090;2720;2721;
3091;2721;2722;
3092;2722;2723;
3093;2723;2724;
3094;2724;2725;
3095;2725;2726;
3096;2726;2727;
3097;2727;2728;
3098;2728;2729;
3099;2729;2716;
3100;2783;2784;
3101;2784;2785;
3102;2785;2786;
3103;2786;2787;
3104;2787;2788;
3105;2788;2789;
3106;2789;2798;
3107;2798;2790;
3108;2790;2796;
3109;2796;2791;
3110;2791;2797;
3111;2797;2792;
3112;2792;2793;
3113;2793;2794;
3114;2794;2800;
3115;2801;3089;
3116;3089;2802;
3117;2807;2806;
3118;2812;3164;
3119;3164;1517;
3120;358;2854;
3121;2854;359;
3122;359;2853;
3123;2853;2243;
3124;2243;360;
3125;360;361;
3126;361;2285;
3127;2285;362;
3128;362;2249;
3129;2249;363;
3130;363;2291;
3131;2291;364;
3132;364;365;
3133;365;366;
3134;353;354;
3135;354;355;
3136;355;356;
3137;356;357;
3138;357;358;
3139;1448;346;
3140;346;347;
3141;347;348;
3142;348;1441;
3143;1441;349;
3144;349;350;
3145;2860;2861;
3146;2861;88;
3147;87;2862;
3148;2862;2860;
3149;2223;853;
3150;2869;855;
3151;2871;2870;
3152;2870;2869;
3153;2873;2502;
3154;2502;89;
3155;97;740;
3156;740;2826;
3157;2826;98;
3158;98;2873;
3159;86;2233;
3160;2233;192;
3161;580;2073;
3162;2073;2074;
3163;2074;934;
3164;934;2876;
3165;2877;2878;
3166;2879;2880;
3167;2878;2879;
3168;25;2740;
3169;2740;597;
3170;597;2742;
3171;2742;2739;
3172;2739;2741;
3173;2741;596;
3174;596;590;
3175;590;2894;
3176;2894;4;
3177;2769;2768;
3178;2768;2770;
3179;2770;2897;
3180;2897;2877;
3181;2877;865;
3182;865;2771;
3183;2771;2748;
3184;2748;863;
3185;863;2747;
3186;2747;2903;
3187;2903;2902;
3188;2902;2905;
3189;2905;2746;
3190;2746;2904;
3191;2904;2745;
3192;2745;2899;
3193;2899;23;
3194;23;2744;
3195;2744;588;
3196;588;2901;
3197;2901;2743;
3198;2743;25;
3199;2893;2892;
3200;2892;2891;
3201;2891;3118;
3202;3118;699;
3203;699;700;
3204;700;730;
3205;730;701;
3206;701;2643;
3207;2643;702;
3208;702;703;
3209;703;2868;
3210;2868;704;
3211;2925;2926;
3212;2926;2927;
3213;2927;2928;
3214;2928;2929;
3215;2929;2930;
3216;735;418;
3217;418;104;
3218;104;3007;
3219;3007;3008;
3220;3008;3022;
3221;3022;3009;
3222;3009;3016;
3223;3016;3010;
3224;3010;3011;
3225;3011;3012;
3226;3012;3013;
3227;3013;3014;
3228;3014;3018;
3229;3018;3015;
3230;3046;3047;
3231;3047;3048;
3232;3048;3049;
3233;3049;3031;
3234;3031;3032;
3235;3032;3033;
3236;3033;3034;
3237;3034;3035;
3238;3035;3041;
3239;3041;3042;
3240;3042;3043;
3241;3043;3044;
3242;3044;3045;
3243;3045;3036;
3244;3036;3037;
3245;3037;3038;
3246;3038;3039;
3247;3039;3040;
3248;3040;3046;
3249;3052;3053;
3250;3053;3054;
3251;3054;3055;
3252;3055;3057;
3253;3057;3056;
3254;2451;3061;
3255;3061;3062;
3256;1182;450;
3257;450;1155;
3258;1155;2415;
3259;2415;449;
3260;449;451;
3261;3092;3091;
3262;3132;3092;
3263;3094;3093;
3264;3098;3097;
3265;3097;3096;
3266;3096;3095;
3267;3100;3099;
3268;3102;3101;
3269;3111;3110;
3270;3110;3109;
3271;3109;3108;
3272;3108;3107;
3273;3107;3100;
3274;3100;3102;
3275;3102;3106;
3276;3106;3105;
3277;3105;3104;
3278;3104;3103;
3279;3115;3114;
3280;3114;3113;
3281;3113;3112;
3282;3115;2712;
3283;2712;379;
3284;3118;3069;
3285;3091;3090;
3286;3090;3072;
3287;3133;3132;
3288;3128;3127;
3289;3130;3128;
3290;3127;3129;
3291;3129;3131;
3292;3134;3133;
3293;3129;3142;
3294;3142;3141;
3295;3141;3140;
3296;3140;3139;
3297;3139;3144;
3298;3144;3138;
3299;3138;3137;
3300;3137;3136;
3301;3136;3135;
3302;3135;3143;
3303;3152;3151;
3304;3151;3150;
3305;3155;3154;
3306;3154;3153;
3307;1517;3157;
3308;3156;3159;
3309;3159;3160;
3310;3160;3161;
3311;3157;3158;
3312;3158;3156;
3313;3156;3161;
3314;3163;2226;
3315;3163;3162;
3316;3168;3167;
3317;3167;3166;
3318;3166;3169;
3319;3170;3169;
3320;3172;3119;
3321;3119;3087;
3322;3120;3173;
3323;3121;3174;
3324;470;177;
3325;177;164;
